31 13770468415521573685 1 5
0 4 3 2 1 

30 3467724449290123358 1 4
4 2 1 3 

29 3340350253628436578 1 4
0 4 3 2 

27 12294831788022686595 1 4
0 4 3 1 

15 17012381966360485653 1 4
0 3 2 1 

23 5466559574615461396 1 4
0 4 2 1 

21 1607615219574805388 1 3
0 4 2 

13 8553603855563649487 1 3
0 3 2 

11 5220400623356659348 1 3
3 0 1 

9 5852856829323289123 2 2
0 3 
3 0 

22 400147412305828628 1 3
4 2 1 

5 2196404805833164498 2 2
0 2 
2 0 

18 7841538482117445391 2 2
1 4 
4 1 

10 10897333972551313247 2 2
1 3 
3 1 

20 9160023911294247878 2 2
2 4 
4 2 

7 15018393262417861144 2 3
0 2 1 
2 0 1 

17 16926846536855509302 2 2
0 4 
4 0 

26 14655432920357998843 1 3
1 4 3 

25 9796681339272603055 1 3
0 4 3 

19 13007176376438637240 1 3
4 0 1 

14 5944312838780591752 2 3
1 3 2 
3 1 2 

28 5798150416478174792 2 3
2 4 3 
4 2 3 

