0
0 5
0 5
0 0 1 0 0 0 
1 -1 1 0 0 -s12 
1 0 0 0 0 0 
1 0 1 -1 0 s13+s23 
1 0 1 0 -1 2*s34+s14+s24+s13+s23 

1
0 7
0 7
0 0 1 0 0 0 
0 1 0 0 0 0 
1 0 0 0 0 0 
0 0 0 1 0 0 
0 0 0 1 0 0 

0
0 9
0 9
0 0 0 1 0 0 
1 -1 0 1 0 -s13-s12 
1 0 -1 1 0 -s13-s23 
1 0 0 0 0 0 
1 0 0 1 -1 s34+s14+s24 

0
0 10
0 10
-1 1 0 1 0 s13+s12 
0 0 0 1 0 0 
0 1 -1 1 0 -s23 
0 1 0 0 0 0 
0 1 0 1 -1 s34+s24 

1
0 14
0 14
1 0 0 0 0 0 
0 0 0 1 0 0 
0 0 1 0 0 0 
0 1 0 0 0 0 
1 0 0 0 0 0 

0
0 17
0 17
0 0 0 0 1 0 
1 -1 0 0 1 -s14-s13-s12 
1 0 -1 0 1 -s14-s24-s13-s23 
1 0 0 -1 1 -s34-s14-s24 
1 0 0 0 0 0 

0
0 18
0 18
-1 1 0 0 1 s14+s13+s12 
0 0 0 0 1 0 
0 1 -1 0 1 -s24-s23 
0 1 0 -1 1 -s34-s24 
0 1 0 0 0 0 

0
0 20
0 20
-1 0 1 0 1 s14+s24+s13+s23+2*s12 
0 -1 1 0 1 s24+s23 
0 0 0 0 1 0 
0 0 1 -1 1 -s34 
0 0 1 0 0 0 

1
0 28
0 28
1 0 0 0 0 0 
1 0 0 0 0 0 
0 0 0 0 1 0 
0 0 0 1 0 0 
0 0 1 0 0 0 

