31 9356908116184252533 1 5
3 0 1 4 2 

27 2327460048996013331 1 4
3 0 1 4 

30 5519632506613005734 1 4
1 3 4 2 

29 16570307804712748065 1 4
0 3 2 4 

23 5264578352890478434 1 4
4 1 2 0 

15 8528449144887262003 1 4
3 0 1 2 

26 898659321778588867 1 3
1 3 4 

25 16291156439022039594 2 3
0 3 4 
3 0 4 

5 1406345804990611412 2 2
0 2 
2 0 

18 9538468589667572955 2 2
1 4 
4 1 

9 14299656937041630910 2 2
0 3 
3 0 

22 7403004540369117224 1 3
4 1 2 

10 8361188322039489377 2 2
1 3 
3 1 

20 9160023911294247878 2 2
2 4 
4 2 

7 4676705486367650522 2 3
0 2 1 
2 0 1 

11 9878814928949386199 1 3
3 0 1 

19 14401276067707803606 2 3
1 4 0 
4 1 0 

13 5280908059131343513 1 3
0 3 2 

14 4677443587642788701 2 3
1 3 2 
3 1 2 

21 12141297786037906596 1 3
2 4 0 

28 5798150416478174792 2 3
2 4 3 
4 2 3 

