0
0 5
0 5
0 0 1 0 0 0 
1 -1 1 0 0 -s12 
1 0 0 0 0 0 
1 0 1 -1 0 s45-s12 
1 0 1 0 -1 s34-s12 

1
0 7
0 7
0 0 1 0 0 0 
0 1 0 0 0 0 
1 0 0 0 0 0 
0 0 0 1 0 0 
0 0 0 1 0 0 

0
0 9
0 9
0 0 0 1 0 0 
1 -1 0 1 0 s23-s45 
1 0 -1 1 0 -s45+s12 
1 0 0 0 0 0 
1 0 0 1 -1 -s45 

0
0 10
0 10
-1 1 0 1 0 -s23+s45 
0 0 0 1 0 0 
0 1 -1 1 0 -s23 
0 1 0 0 0 0 
0 1 0 1 -1 s51-s23 

1
0 14
0 14
1 0 0 0 0 0 
0 0 0 1 0 0 
0 0 1 0 0 0 
0 1 0 0 0 0 
1 0 0 0 0 0 

0
0 18
0 18
-1 1 0 0 1 -s51 
0 0 0 0 1 0 
0 1 -1 0 1 s34-s51 
0 1 0 -1 1 -s51+s23 
0 1 0 0 0 0 

1
0 19
0 19
1 0 0 0 0 0 
0 0 0 0 1 0 
0 0 1 0 0 0 
0 0 1 0 0 0 
0 1 0 0 0 0 

0
0 20
0 20
-1 0 1 0 1 -s34+s12 
0 -1 1 0 1 -s34+s51 
0 0 0 0 1 0 
0 0 1 -1 1 -s34 
0 0 1 0 0 0 

1
0 25
0 25
0 0 0 1 0 0 
0 1 0 0 0 0 
0 1 0 0 0 0 
1 0 0 0 0 0 
0 0 0 0 1 0 

1
0 28
0 28
1 0 0 0 0 0 
1 0 0 0 0 0 
0 0 0 0 1 0 
0 0 0 1 0 0 
0 0 1 0 0 0 

