31 10372458054989617547 1 5
4 3 1 2 0 

29 14328287861279553773 1 4
4 3 2 0 

30 13288880019495292129 1 4
4 3 1 2 

27 7836362014210390356 1 4
4 3 1 0 

23 11159781420916552912 1 4
4 1 2 0 

15 92848024971028364 1 4
2 0 3 1 

26 9048680934451222114 1 3
4 3 1 

21 11413914462245631320 1 3
2 4 0 

13 2627904774304205614 1 3
2 0 3 

28 4691195763615544730 1 3
4 3 2 

25 1639635943029454653 1 3
4 3 0 

22 12125806842754441681 1 3
4 1 2 

14 11569807640517811586 1 3
3 2 1 

8 13263621270244958009 1 1
3 

16 13263621270244958009 1 1
4 

9 12688728293871652986 1 2
3 0 

5 11947376297032751948 2 2
0 2 
2 0 

18 6338698090427742442 1 2
4 1 

10 16175158441428273168 1 2
3 1 

17 8267710808140978928 1 2
4 0 

12 8267710808140978928 1 2
3 2 

20 11105062128077069559 1 2
4 2 

7 10726137809996109744 2 3
0 2 1 
2 0 1 

24 86354793930528021 2 2
3 4 
4 3 

11 18107055038105891119 1 3
3 1 0 

19 8997299279918978042 1 3
4 1 0 

