31 3703295089350477033 1 5
2 0 4 3 1 

29 8528449144887262003 1 4
2 0 4 3 

15 11827836980256220619 1 4
0 2 3 1 

30 13055162550878855507 1 4
4 2 1 3 

27 14287046342701450543 1 4
3 0 1 4 

23 15168026255202691610 1 4
2 0 4 1 

26 14140650088167304606 1 3
1 4 3 

28 4677443587642788701 2 3
2 4 3 
4 2 3 

9 1406345804990611412 2 2
0 3 
3 0 

22 6417747511513396498 1 3
4 2 1 

20 8361188322039489377 2 2
2 4 
4 2 

7 16291156439022039594 2 3
0 2 1 
2 0 1 

5 14299656937041630910 2 2
0 2 
2 0 

18 17549132095818388977 2 2
1 4 
4 1 

10 10897333972551313247 2 2
1 3 
3 1 

19 15395088938565540858 2 3
1 4 0 
4 1 0 

14 5944312838780591752 2 3
1 3 2 
3 1 2 

21 9878814928949386199 1 3
2 0 4 

25 4676705486367650522 2 3
0 3 4 
3 0 4 

13 5280908059131343513 1 3
0 2 3 

11 417107525295942858 1 3
3 0 1 

