0
0 3
0 3
0 1 0 0 0 0 
1 0 0 0 0 0 
1 1 -1 0 0 s12 
1 1 0 -1 0 s45+2*mt^2+s23 
1 1 0 0 -1 mh^2+s51 

0
0 5
0 5
0 0 1 0 0 0 
1 -1 1 0 0 -s12 
1 0 0 0 0 0 
1 0 1 -1 0 s45-s12+3*mt^2 
1 0 1 0 -1 mh^2-s12+s34 

1
0 7
0 7
0 0 1 0 0 0 
0 1 0 0 0 0 
1 0 0 0 0 0 
0 0 0 1 0 0 
0 0 0 1 0 0 

0
0 17
0 17
0 0 0 0 1 0 
1 -1 0 0 1 -mh^2+s51 
1 0 -1 0 1 -mh^2+s12+s34 
1 0 0 -1 1 s45-mh^2+3*mt^2 
1 0 0 0 0 0 

0
0 18
0 18
-1 1 0 0 1 mh^2-s51 
0 0 0 0 1 0 
0 1 -1 0 1 s34-s51 
0 1 0 -1 1 3*mt^2-s51+s23 
0 1 0 0 0 0 

0
0 20
0 20
-1 0 1 0 1 mh^2+s12-s34 
0 -1 1 0 1 -s34+s51 
0 0 0 0 1 0 
0 0 1 -1 1 -s34+4*mt^2 
0 0 1 0 0 0 

1
0 28
0 28
1 0 0 0 0 0 
1 0 0 0 0 0 
0 0 0 0 1 0 
0 0 0 1 0 0 
0 0 1 0 0 0 

