31 14734357463829003173 1 5
2 4 3 0 1 

29 17487781734122831369 1 4
2 4 0 3 

27 1236009087982524809 1 4
3 0 1 4 

30 12880429790956371639 1 4
4 2 1 3 

23 13344350907347367224 1 4
2 4 0 1 

15 13934919071800650960 1 4
3 0 1 2 

28 16291156439022039594 2 3
2 4 3 
4 2 3 

26 5629179447865733852 1 3
1 3 4 

9 8361188322039489377 2 2
0 3 
3 0 

22 11420126894467512457 1 3
4 2 1 

10 9538468589667572955 2 2
1 3 
3 1 

5 2196404805833164498 2 2
0 2 
2 0 

18 17549132095818388977 2 2
1 4 
4 1 

20 14299656937041630910 2 2
2 4 
4 2 

7 15018393262417861144 2 3
0 2 1 
2 0 1 

14 14401276067707803606 2 3
1 3 2 
3 1 2 

11 898659321778588867 1 3
3 0 1 

19 15395088938565540858 2 3
1 4 0 
4 1 0 

13 11287015127115954244 1 3
0 3 2 

21 9260588861356941855 1 3
2 4 0 

25 4677443587642788701 2 3
0 3 4 
3 0 4 

