2748779069440
2749852811264
2749852942336
2749853073408
2750926553088
2750926684160
2750926815232
2750926946304
2750927077376
2750927208448
2765958938624
2765958938625
2767032680448
2767032680449
2767032811520
2767032811521
2767032942592
2767032942593
2768106422272
2768106422273
2768106553344
2768106553345
2768106684416
2768106684417
2768106815488
2768106815489
2768106946560
2768106946561
2768107077632
2768107077633
2783138807808
2783138807809
2783138807810
2784212549632
2784212549633
2784212549634
2784212680704
2784212680705
2784212680706
2784212811776
2784212811777
2784212811778
2785286291456
2785286291457
2785286291458
2785286422528
2785286422529
2785286422530
2785286553600
2785286553601
2785286553602
2785286684672
2785286684673
2785286684674
2785286815744
2785286815745
2785286815746
2785286946816
2785286946817
2785286946818
2800318676992
2800318676993
2800318676994
2800318676995
2801392418816
2801392418817
2801392418818
2801392418819
2801392549888
2801392549889
2801392549890
2801392549891
2801392680960
2801392680961
2801392680962
2801392680963
2802466160640
2802466160641
2802466160642
2802466160643
2802466291712
2802466291713
2802466291714
2802466291715
2802466422784
2802466422785
2802466422786
2802466422787
2802466553856
2802466553857
2802466553858
2802466553859
2802466684928
2802466684929
2802466684930
2802466684931
2802466816000
2802466816001
2802466816002
2802466816003
3848290697216
3849364439040
3849364570112
3850438180864
3850438311936
3850438443008
3865470566400
3865470566401
3865470566402
3866544308224
3866544308225
3866544308226
3866544439296
3866544439297
3866544439298
3867618050048
3867618050049
3867618050050
3867618181120
3867618181121
3867618181122
3867618312192
3867618312193
3867618312194
3882650435584
3882650435585
3882650435586
3882650435587
3882650435588
3882650435589
3883724177408
3883724177409
3883724177410
3883724177411
3883724177412
3883724177413
3883724308480
3883724308481
3883724308482
3883724308483
3883724308484
3883724308485
3884797919232
3884797919233
3884797919234
3884797919235
3884797919236
3884797919237
3884798050304
3884798050305
3884798050306
3884798050307
3884798050308
3884798050309
3884798181376
3884798181377
3884798181378
3884798181379
3884798181380
3884798181381
4947802324992
4948876066816
4948876197888
4948876328960
4949949808640
4949949939712
4949950070784
4949950201856
4949950332928
4949950464000
4964982194176
4964982194177
4966055936000
4966055936001
4966056067072
4966056067073
4966056198144
4966056198145
4967129677824
4967129677825
4967129808896
4967129808897
4967129939968
4967129939969
4967130071040
4967130071041
4967130202112
4967130202113
4967130333184
4967130333185
4982162063360
4982162063361
4982162063362
4983235805184
4983235805185
4983235805186
4983235936256
4983235936257
4983235936258
4983236067328
4983236067329
4983236067330
4984309547008
4984309547009
4984309547010
4984309678080
4984309678081
4984309678082
4984309809152
4984309809153
4984309809154
4984309940224
4984309940225
4984309940226
4984310071296
4984310071297
4984310071298
4984310202368
4984310202369
4984310202370
4999341932544
4999341932545
4999341932546
4999341932547
5000415674368
5000415674369
5000415674370
5000415674371
5000415805440
5000415805441
5000415805442
5000415805443
5000415936512
5000415936513
5000415936514
5000415936515
5001489416192
5001489416193
5001489416194
5001489416195
5001489547264
5001489547265
5001489547266
5001489547267
5001489678336
5001489678337
5001489678338
5001489678339
5001489809408
5001489809409
5001489809410
5001489809411
5001489940480
5001489940481
5001489940482
5001489940483
5001490071552
5001490071553
5001490071554
5001490071555
5497558138880
5498631880704
5498632011776
5498632142848
5499705622528
5499705753600
5499705884672
5499706015744
5499706146816
5499706277888
5514738008064
5514738008065
5515811749888
5515811749889
5515811880960
5515811880961
5515812012032
5515812012033
5516885491712
5516885491713
5516885622784
5516885622785
5516885753856
5516885753857
5516885884928
5516885884929
5516886016000
5516886016001
5516886147072
5516886147073
5531917877248
5531917877249
5531917877250
5532991619072
5532991619073
5532991619074
5532991750144
5532991750145
5532991750146
5532991881216
5532991881217
5532991881218
5534065360896
5534065360897
5534065360898
5534065491968
5534065491969
5534065491970
5534065623040
5534065623041
5534065623042
5534065754112
5534065754113
5534065754114
5534065885184
5534065885185
5534065885186
5534066016256
5534066016257
5534066016258
5549097746432
5549097746433
5549097746434
5549097746435
5550171488256
5550171488257
5550171488258
5550171488259
5550171619328
5550171619329
5550171619330
5550171619331
5550171750400
5550171750401
5550171750402
5550171750403
5551245230080
5551245230081
5551245230082
5551245230083
5551245361152
5551245361153
5551245361154
5551245361155
5551245492224
5551245492225
5551245492226
5551245492227
5551245623296
5551245623297
5551245623298
5551245623299
5551245754368
5551245754369
5551245754370
5551245754371
5551245885440
5551245885441
5551245885442
5551245885443
6047313952768
6048387694592
6048387825664
6049461436416
6049461567488
6049461698560
6064493821952
6064493821953
6064493821954
6065567563776
6065567563777
6065567563778
6065567694848
6065567694849
6065567694850
6066641305600
6066641305601
6066641305602
6066641436672
6066641436673
6066641436674
6066641567744
6066641567745
6066641567746
6081673691136
6081673691137
6081673691138
6081673691139
6081673691140
6081673691141
6082747432960
6082747432961
6082747432962
6082747432963
6082747432964
6082747432965
6082747564032
6082747564033
6082747564034
6082747564035
6082747564036
6082747564037
6083821174784
6083821174785
6083821174786
6083821174787
6083821174788
6083821174789
6083821305856
6083821305857
6083821305858
6083821305859
6083821305860
6083821305861
6083821436928
6083821436929
6083821436930
6083821436931
6083821436932
6083821436933
7146825580544
7147899322368
7147899453440
7148973064192
7148973195264
7148973326336
7164005449728
7164005449729
7164005449730
7165079191552
7165079191553
7165079191554
7165079322624
7165079322625
7165079322626
7166152933376
7166152933377
7166152933378
7166153064448
7166153064449
7166153064450
7166153195520
7166153195521
7166153195522
7181185318912
7181185318913
7181185318914
7181185318915
7181185318916
7181185318917
7182259060736
7182259060737
7182259060738
7182259060739
7182259060740
7182259060741
7182259191808
7182259191809
7182259191810
7182259191811
7182259191812
7182259191813
7183332802560
7183332802561
7183332802562
7183332802563
7183332802564
7183332802565
7183332933632
7183332933633
7183332933634
7183332933635
7183332933636
7183332933637
7183333064704
7183333064705
7183333064706
7183333064707
7183333064708
7183333064709
7696581394432
7697655136256
7697655267328
7698728878080
7698729009152
7698729140224
7713761263616
7713761263617
7713761263618
7714835005440
7714835005441
7714835005442
7714835136512
7714835136513
7714835136514
7715908747264
7715908747265
7715908747266
7715908878336
7715908878337
7715908878338
7715909009408
7715909009409
7715909009410
7730941132800
7730941132801
7730941132802
7730941132803
7730941132804
7730941132805
7732014874624
7732014874625
7732014874626
7732014874627
7732014874628
7732014874629
7732015005696
7732015005697
7732015005698
7732015005699
7732015005700
7732015005701
7733088616448
7733088616449
7733088616450
7733088616451
7733088616452
7733088616453
7733088747520
7733088747521
7733088747522
7733088747523
7733088747524
7733088747525
7733088878592
7733088878593
7733088878594
7733088878595
7733088878596
7733088878597
8246337208320
8247410950144
8248484691968
8263517077504
8263517077505
8263517077506
8263517077507
8264590819328
8264590819329
8264590819330
8264590819331
8265664561152
8265664561153
8265664561154
8265664561155
9345848836096
9346922577920
9346922708992
9346922840064
9347996319744
9347996450816
9347996581888
9347996712960
9347996844032
9347996975104
9363028705280
9363028705281
9364102447104
9364102447105
9364102578176
9364102578177
9364102709248
9364102709249
9365176188928
9365176188929
9365176320000
9365176320001
9365176451072
9365176451073
9365176582144
9365176582145
9365176713216
9365176713217
9365176844288
9365176844289
9380208574464
9380208574465
9380208574466
9381282316288
9381282316289
9381282316290
9381282447360
9381282447361
9381282447362
9381282578432
9381282578433
9381282578434
9382356058112
9382356058113
9382356058114
9382356189184
9382356189185
9382356189186
9382356320256
9382356320257
9382356320258
9382356451328
9382356451329
9382356451330
9382356582400
9382356582401
9382356582402
9382356713472
9382356713473
9382356713474
9397388443648
9397388443649
9397388443650
9397388443651
9398462185472
9398462185473
9398462185474
9398462185475
9398462316544
9398462316545
9398462316546
9398462316547
9398462447616
9398462447617
9398462447618
9398462447619
9399535927296
9399535927297
9399535927298
9399535927299
9399536058368
9399536058369
9399536058370
9399536058371
9399536189440
9399536189441
9399536189442
9399536189443
9399536320512
9399536320513
9399536320514
9399536320515
9399536451584
9399536451585
9399536451586
9399536451587
9399536582656
9399536582657
9399536582658
9399536582659
9895604649984
9896678391808
9896678522880
9896678653952
9897752133632
9897752264704
9897752395776
9897752526848
9897752657920
9897752788992
9912784519168
9912784519169
9913858260992
9913858260993
9913858392064
9913858392065
9913858523136
9913858523137
9914932002816
9914932002817
9914932133888
9914932133889
9914932264960
9914932264961
9914932396032
9914932396033
9914932527104
9914932527105
9914932658176
9914932658177
9929964388352
9929964388353
9929964388354
9931038130176
9931038130177
9931038130178
9931038261248
9931038261249
9931038261250
9931038392320
9931038392321
9931038392322
9932111872000
9932111872001
9932111872002
9932112003072
9932112003073
9932112003074
9932112134144
9932112134145
9932112134146
9932112265216
9932112265217
9932112265218
9932112396288
9932112396289
9932112396290
9932112527360
9932112527361
9932112527362
9947144257536
9947144257537
9947144257538
9947144257539
9948217999360
9948217999361
9948217999362
9948217999363
9948218130432
9948218130433
9948218130434
9948218130435
9948218261504
9948218261505
9948218261506
9948218261507
9949291741184
9949291741185
9949291741186
9949291741187
9949291872256
9949291872257
9949291872258
9949291872259
9949292003328
9949292003329
9949292003330
9949292003331
9949292134400
9949292134401
9949292134402
9949292134403
9949292265472
9949292265473
9949292265474
9949292265475
9949292396544
9949292396545
9949292396546
9949292396547
10445360463872
10446434205696
10446434336768
10447507947520
10447508078592
10447508209664
10462540333056
10462540333057
10462540333058
10463614074880
10463614074881
10463614074882
10463614205952
10463614205953
10463614205954
10464687816704
10464687816705
10464687816706
10464687947776
10464687947777
10464687947778
10464688078848
10464688078849
10464688078850
10479720202240
10479720202241
10479720202242
10479720202243
10479720202244
10479720202245
10480793944064
10480793944065
10480793944066
10480793944067
10480793944068
10480793944069
10480794075136
10480794075137
10480794075138
10480794075139
10480794075140
10480794075141
10481867685888
10481867685889
10481867685890
10481867685891
10481867685892
10481867685893
10481867816960
10481867816961
10481867816962
10481867816963
10481867816964
10481867816965
10481867948032
10481867948033
10481867948034
10481867948035
10481867948036
10481867948037
10995116277760
10996190019584
10996190150656
10996190281728
10997263761408
10997263892480
10997264023552
10997264154624
10997264285696
10997264416768
11012296146944
11012296146945
11013369888768
11013369888769
11013370019840
11013370019841
11013370150912
11013370150913
11014443630592
11014443630593
11014443761664
11014443761665
11014443892736
11014443892737
11014444023808
11014444023809
11014444154880
11014444154881
11014444285952
11014444285953
11029476016128
11029476016129
11029476016130
11030549757952
11030549757953
11030549757954
11030549889024
11030549889025
11030549889026
11030550020096
11030550020097
11030550020098
11031623499776
11031623499777
11031623499778
11031623630848
11031623630849
11031623630850
11031623761920
11031623761921
11031623761922
11031623892992
11031623892993
11031623892994
11031624024064
11031624024065
11031624024066
11031624155136
11031624155137
11031624155138
11046655885312
11046655885313
11046655885314
11046655885315
11047729627136
11047729627137
11047729627138
11047729627139
11047729758208
11047729758209
11047729758210
11047729758211
11047729889280
11047729889281
11047729889282
11047729889283
11048803368960
11048803368961
11048803368962
11048803368963
11048803500032
11048803500033
11048803500034
11048803500035
11048803631104
11048803631105
11048803631106
11048803631107
11048803762176
11048803762177
11048803762178
11048803762179
11048803893248
11048803893249
11048803893250
11048803893251
11048804024320
11048804024321
11048804024322
11048804024323
11544872091648
11545945833472
11545945964544
11547019575296
11547019706368
11547019837440
11562051960832
11562051960833
11562051960834
11563125702656
11563125702657
11563125702658
11563125833728
11563125833729
11563125833730
11564199444480
11564199444481
11564199444482
11564199575552
11564199575553
11564199575554
11564199706624
11564199706625
11564199706626
11579231830016
11579231830017
11579231830018
11579231830019
11579231830020
11579231830021
11580305571840
11580305571841
11580305571842
11580305571843
11580305571844
11580305571845
11580305702912
11580305702913
11580305702914
11580305702915
11580305702916
11580305702917
11581379313664
11581379313665
11581379313666
11581379313667
11581379313668
11581379313669
11581379444736
11581379444737
11581379444738
11581379444739
11581379444740
11581379444741
11581379575808
11581379575809
11581379575810
11581379575811
11581379575812
11581379575813
12094627905536
12095701647360
12095701778432
12096775389184
12096775520256
12096775651328
12111807774720
12111807774721
12111807774722
12112881516544
12112881516545
12112881516546
12112881647616
12112881647617
12112881647618
12113955258368
12113955258369
12113955258370
12113955389440
12113955389441
12113955389442
12113955520512
12113955520513
12113955520514
12128987643904
12128987643905
12128987643906
12128987643907
12128987643908
12128987643909
12130061385728
12130061385729
12130061385730
12130061385731
12130061385732
12130061385733
12130061516800
12130061516801
12130061516802
12130061516803
12130061516804
12130061516805
12131135127552
12131135127553
12131135127554
12131135127555
12131135127556
12131135127557
12131135258624
12131135258625
12131135258626
12131135258627
12131135258628
12131135258629
12131135389696
12131135389697
12131135389698
12131135389699
12131135389700
12131135389701
12644383719424
12645457461248
12646531203072
12661563588608
12661563588609
12661563588610
12661563588611
12662637330432
12662637330433
12662637330434
12662637330435
12663711072256
12663711072257
12663711072258
12663711072259
13743895347200
13744969089024
13744969220096
13746042830848
13746042961920
13746043092992
13761075216384
13761075216385
13761075216386
13762148958208
13762148958209
13762148958210
13762149089280
13762149089281
13762149089282
13763222700032
13763222700033
13763222700034
13763222831104
13763222831105
13763222831106
13763222962176
13763222962177
13763222962178
13778255085568
13778255085569
13778255085570
13778255085571
13778255085572
13778255085573
13779328827392
13779328827393
13779328827394
13779328827395
13779328827396
13779328827397
13779328958464
13779328958465
13779328958466
13779328958467
13779328958468
13779328958469
13780402569216
13780402569217
13780402569218
13780402569219
13780402569220
13780402569221
13780402700288
13780402700289
13780402700290
13780402700291
13780402700292
13780402700293
13780402831360
13780402831361
13780402831362
13780402831363
13780402831364
13780402831365
14293651161088
14294724902912
14294725033984
14295798644736
14295798775808
14295798906880
14310831030272
14310831030273
14310831030274
14311904772096
14311904772097
14311904772098
14311904903168
14311904903169
14311904903170
14312978513920
14312978513921
14312978513922
14312978644992
14312978644993
14312978644994
14312978776064
14312978776065
14312978776066
14328010899456
14328010899457
14328010899458
14328010899459
14328010899460
14328010899461
14329084641280
14329084641281
14329084641282
14329084641283
14329084641284
14329084641285
14329084772352
14329084772353
14329084772354
14329084772355
14329084772356
14329084772357
14330158383104
14330158383105
14330158383106
14330158383107
14330158383108
14330158383109
14330158514176
14330158514177
14330158514178
14330158514179
14330158514180
14330158514181
14330158645248
14330158645249
14330158645250
14330158645251
14330158645252
14330158645253
14843406974976
14844480716800
14845554458624
14860586844160
14860586844161
14860586844162
14860586844163
14861660585984
14861660585985
14861660585986
14861660585987
14862734327808
14862734327809
14862734327810
14862734327811
15393162788864
15394236530688
15394236661760
15395310272512
15395310403584
15395310534656
15410342658048
15410342658049
15410342658050
15411416399872
15411416399873
15411416399874
15411416530944
15411416530945
15411416530946
15412490141696
15412490141697
15412490141698
15412490272768
15412490272769
15412490272770
15412490403840
15412490403841
15412490403842
15427522527232
15427522527233
15427522527234
15427522527235
15427522527236
15427522527237
15428596269056
15428596269057
15428596269058
15428596269059
15428596269060
15428596269061
15428596400128
15428596400129
15428596400130
15428596400131
15428596400132
15428596400133
15429670010880
15429670010881
15429670010882
15429670010883
15429670010884
15429670010885
15429670141952
15429670141953
15429670141954
15429670141955
15429670141956
15429670141957
15429670273024
15429670273025
15429670273026
15429670273027
15429670273028
15429670273029
15942918602752
15943992344576
15945066086400
15960098471936
15960098471937
15960098471938
15960098471939
15961172213760
15961172213761
15961172213762
15961172213763
15962245955584
15962245955585
15962245955586
15962245955587
16492674416640
16493748158464
16494821900288
16509854285824
16509854285825
16509854285826
16509854285827
16510928027648
16510928027649
16510928027650
16510928027651
16512001769472
16512001769473
16512001769474
16512001769475
17042430230528
