2047 10408204011444589948 1 11
7 6 1 0 3 2 4 9 10 8 5 

2046 3092452516724912158 1 10
7 6 1 3 2 4 10 9 8 5 

2015 9034924214886748330 1 10
7 6 1 0 3 2 4 9 10 8 

1791 14536559334308373294 1 10
7 6 1 0 3 2 4 9 10 5 

2043 4827846992692244059 1 10
7 6 1 0 3 4 9 10 8 5 

1535 13412689205706412290 1 10
7 6 1 3 0 2 4 10 8 5 

1983 8190558900501589866 1 10
7 1 0 3 2 4 9 10 8 5 

2031 7586910372688261437 1 10
7 6 9 10 8 5 0 1 3 2 

2045 2758711812910609604 1 10
7 6 0 3 2 9 8 10 5 4 

1023 155550131293110501 1 10
7 6 1 0 3 2 4 9 8 5 

1919 6352521955098975327 1 10
6 1 3 2 0 8 10 5 9 4 

2039 5825402505455375700 1 10
7 6 1 0 2 4 9 10 8 5 

2042 12449085332206590907 1 9
1 3 7 6 4 10 9 8 5 

2041 10261663878878602479 1 9
7 6 0 3 9 8 10 5 4 

2044 1848377603913359690 1 9
3 2 6 7 8 10 5 9 4 

2037 1993556122192914831 1 9
7 6 0 2 9 10 8 5 4 

2038 17968101035873167624 1 9
1 2 7 6 4 10 9 8 5 

2035 3829330674213017019 1 9
7 6 1 0 4 9 10 8 5 

2027 16027236848508499935 1 9
7 6 0 1 3 9 10 8 5 

2029 10715280658185260881 1 9
7 6 0 3 2 9 8 10 5 

2030 15095450532032662223 1 9
7 6 1 3 2 10 9 8 5 

2023 8639971805990669511 1 9
7 6 0 1 2 9 10 8 5 

2011 9665539007250621416 1 9
7 6 1 0 3 4 9 10 8 

2013 16488894821606062765 1 9
7 6 0 3 2 9 8 10 4 

2014 10301538814353301102 1 9
7 6 1 3 2 4 10 9 8 

2007 14838207001901407873 1 9
7 6 1 0 2 4 9 10 8 

1999 8761449535041342553 1 9
7 6 9 10 8 0 1 3 2 

1982 16011757936661604788 1 9
7 1 3 2 4 10 9 8 5 

1979 14846024457484648887 1 9
7 1 0 3 4 9 10 8 5 

1981 9454603344596425330 1 9
7 0 3 2 9 10 8 5 4 

1967 1905457143868639771 1 9
7 9 10 8 5 0 1 3 2 

1951 10585814277897935179 1 9
7 1 0 3 2 4 9 10 8 

1975 6564455060670843151 1 9
7 1 0 2 4 9 10 8 5 

1917 6649049576386030838 1 9
6 3 2 0 8 10 5 9 4 

1915 17996438215296852741 1 9
6 1 3 0 8 10 5 9 4 

1918 6762009355561480415 1 9
6 1 3 2 8 10 5 9 4 

1911 9981668387798444673 1 9
6 1 2 0 10 8 5 9 4 

1887 4923966144085053234 2 9
6 3 1 0 2 10 8 4 9 
6 10 8 4 9 3 1 0 2 

1787 4136316351166730683 1 9
7 6 1 0 3 4 9 10 5 

1789 13047991643766314298 1 9
7 6 0 2 3 9 10 5 4 

1903 15753988775345624128 1 9
6 1 3 2 0 8 10 5 9 

1759 10072927875636079577 1 9
7 6 4 9 10 1 0 3 2 

1783 6254313555359732287 1 9
7 6 1 0 2 4 9 10 5 

1790 6442113961095700155 1 9
7 6 1 3 2 4 10 9 5 

1727 17103069519447672277 1 9
7 1 0 3 2 4 9 10 5 

1775 4007349260374691683 1 9
7 6 9 10 5 0 1 3 2 

1855 7115187453023270637 1 9
3 1 0 2 8 10 5 9 4 

1531 12926630626903002276 1 9
7 6 1 3 0 4 10 8 5 

1533 5740047813044731863 1 9
6 7 3 0 2 8 10 5 4 

1503 6844554893183084292 1 9
7 6 4 10 8 1 3 0 2 

1663 14463621066480001026 1 9
6 1 3 2 0 10 5 9 4 

1519 16657813464023756429 1 9
7 6 10 8 5 1 3 0 2 

1534 15916675927062987815 1 9
7 6 1 3 2 4 10 8 5 

1471 14829518945513880294 1 9
7 1 3 0 2 4 10 8 5 

1527 15204458933897655789 1 9
7 6 1 0 2 4 10 8 5 

1407 9355700820035482120 1 9
6 8 10 5 4 1 3 2 0 

1279 11603902024979243879 1 9
7 6 4 10 5 1 3 0 2 

1021 1526769835197869907 1 9
7 6 0 3 2 9 8 5 4 

767 2068636726076640380 1 9
7 6 4 9 5 1 0 3 2 

1019 11443215396709280505 1 9
7 6 1 0 3 4 9 8 5 

959 2850771229548113458 1 9
7 1 0 3 2 4 9 5 8 

1007 792970989696347366 1 9
7 6 9 8 5 0 1 3 2 

991 11777132574013630525 1 9
7 6 4 9 8 1 0 3 2 

1015 15305550457916557185 1 9
7 6 1 0 2 4 9 5 8 

895 8622269617498604906 1 9
6 3 1 2 0 8 5 9 4 

511 17851211202577790230 1 9
7 6 4 8 5 1 3 2 0 

1022 14137504160025335154 1 9
7 6 1 3 2 4 9 8 5 

2040 9553840127503226044 1 8
3 6 7 8 10 9 5 4 

2036 1768388175229061485 1 8
2 6 7 10 8 5 9 4 

2034 1292626209005253680 1 8
1 7 6 4 10 9 8 5 

2033 6426401270496247896 1 8
0 7 6 9 10 8 5 4 

2028 14773142886457915705 1 8
3 2 6 7 8 10 5 9 

2026 10946779914961099975 1 8
1 3 7 6 10 9 8 5 

2025 6967686305290876691 1 8
7 6 0 3 9 8 10 5 

2021 3320395503878018727 1 8
7 6 0 2 9 10 8 5 

2022 15433337476230660414 1 8
1 2 7 6 10 9 8 5 

2019 4590637803166515224 1 8
7 6 0 1 9 10 8 5 

2010 16909608362697116673 1 8
1 3 7 6 4 10 9 8 

2009 11044677806455525405 1 8
7 6 0 3 9 8 10 4 

2012 14938824053466773017 1 8
3 2 6 7 8 10 9 4 

2005 10372248847062237851 1 8
7 6 0 2 9 10 8 4 

2006 12167199053507039323 1 8
1 2 7 6 4 10 9 8 

1997 4069508155385673600 1 8
7 6 0 3 2 9 8 10 

2003 15149924469986319018 1 8
7 6 1 0 4 9 10 8 

1995 6534528655921916324 1 8
7 6 9 10 8 0 1 3 

1998 4749882582441943759 1 8
7 6 1 3 2 10 9 8 

1978 9308022919448028738 1 8
7 1 3 4 10 9 8 5 

1991 11798339629739440914 1 8
7 6 9 10 8 0 1 2 

1977 13366407659339659061 1 8
7 0 3 9 10 8 5 4 

1973 14188607431660114881 1 8
7 0 2 9 10 8 5 4 

1980 5853356423234443889 1 8
7 3 2 10 8 9 5 4 

1974 2801548209756671481 1 8
7 1 2 4 10 9 8 5 

1966 4085264675163552660 1 8
7 1 3 2 10 9 8 5 

1965 17020029476209213596 1 8
7 0 3 2 9 10 8 5 

1971 723434370244885986 1 8
7 1 0 4 9 10 8 5 

1963 17858778868859340566 1 8
7 0 1 3 9 10 8 5 

1959 4248943826991776183 1 8
7 0 1 2 9 10 8 5 

1949 5662401314637437332 1 8
7 0 3 2 9 10 8 4 

1950 5134701483322498790 1 8
7 1 3 2 4 10 9 8 

1947 14153929167305780164 1 8
7 1 0 3 4 9 10 8 

1943 3879435899684508089 1 8
7 1 0 2 4 9 10 8 

1935 14802070592291865566 1 8
7 9 10 8 0 1 3 2 

1913 3151801494996531547 1 8
6 3 0 8 10 5 9 4 

1914 15183484258403619031 1 8
6 1 3 8 10 5 9 4 

1916 916395356335133886 1 8
6 3 2 8 10 5 9 4 

1910 2345854438943197328 1 8
6 1 2 10 8 5 9 4 

1909 6632489077135715203 1 8
6 2 0 8 10 5 9 4 

1902 13485122747375036388 1 8
6 1 3 2 8 10 5 9 

1899 7401619246617912250 1 8
6 1 3 0 8 10 5 9 

1901 3080739835758342142 1 8
6 3 2 0 8 10 5 9 

1907 2288508208225765305 1 8
6 1 0 10 8 5 9 4 

1895 2412449793065191480 1 8
6 1 2 0 10 8 5 9 

1885 13927326208015968173 1 8
6 3 0 2 8 10 4 9 

1886 3783358949397970758 1 8
6 3 1 2 10 8 4 9 

1883 18011529721407562452 1 8
6 3 1 0 10 8 4 9 

1879 17633789498792850658 1 8
6 1 0 2 10 8 4 9 

1854 7059940126732290177 2 8
1 3 2 8 10 5 9 4 
3 1 2 8 10 5 9 4 

1871 3783358949397970758 1 8
6 10 8 9 3 1 0 2 

1823 16114282076101184690 2 8
3 1 0 2 10 8 4 9 
10 8 4 9 3 1 0 2 

1847 16677874685179616301 2 8
0 2 1 8 10 5 9 4 
2 0 1 8 10 5 9 4 

1853 4911593973194112658 1 8
0 3 2 8 10 5 9 4 

1851 15203495276497072982 1 8
3 1 0 8 10 5 9 4 

1839 8281572499658944508 1 8
3 1 0 2 8 10 5 9 

1788 7649765654987103052 1 8
2 3 7 6 9 5 10 4 

1786 16115799224475985175 1 8
1 3 7 6 4 10 9 5 

1785 4782214941299134693 1 8
7 6 0 3 9 10 5 4 

1782 1382522588948123863 1 8
1 2 7 6 4 10 9 5 

1781 13899954878915008471 1 8
7 6 0 2 9 10 5 4 

1779 4548462176546485186 1 8
7 6 1 0 4 9 10 5 

1771 2737728125789496320 1 8
7 6 9 10 5 0 1 3 

1773 17280538483089983838 1 8
7 6 0 2 3 9 10 5 

1774 6868744277221512666 1 8
7 6 1 3 2 10 9 5 

1758 5663791629449519907 1 8
7 6 1 3 2 4 10 9 

1767 10508708562887849464 1 8
7 6 9 10 5 0 1 2 

1757 11796322061097850704 1 8
7 6 0 3 2 9 10 4 

1755 5321044681592928294 1 8
7 6 1 0 3 4 9 10 

1751 10970665891801459378 1 8
7 6 1 0 2 4 9 10 

1725 17762682284093841541 1 8
7 0 3 2 9 10 5 4 

1723 11032465294530492773 1 8
7 1 0 3 4 9 10 5 

1726 12731508530785216476 1 8
7 1 3 2 4 10 9 5 

1743 1714149355599664978 1 8
7 6 9 10 0 1 3 2 

1719 420941643984405812 1 8
7 1 0 2 4 9 10 5 

1711 14698305267185381260 1 8
7 9 10 5 0 1 3 2 

1695 14360927290977818848 1 8
7 4 9 10 1 0 3 2 

1661 2017967607430115395 1 8
6 2 0 3 5 9 4 10 

1662 7932057253431729096 1 8
6 1 3 2 10 5 9 4 

1659 5640354039964763870 1 8
6 1 3 0 10 5 9 4 

1631 13927326208015968173 1 8
6 10 4 9 1 3 0 2 

1655 17511241214904113731 1 8
6 1 2 0 10 5 9 4 

1647 3194234852536173840 1 8
6 10 5 9 1 3 2 0 

1599 10268857212046785136 1 8
3 1 0 2 9 5 4 10 

1530 3561141634442840337 1 8
1 3 7 6 4 10 8 5 

1532 16459537077596176905 1 8
6 7 3 2 8 10 5 4 

1529 11588494549616626352 1 8
3 0 6 7 8 10 5 4 

1525 16283120074844295351 1 8
7 6 0 2 10 8 5 4 

1526 5470874107519979291 1 8
1 2 7 6 4 10 8 5 

1518 9976209329079797229 1 8
7 6 1 3 2 10 8 5 

1517 16638066056520471993 1 8
6 7 8 10 5 3 0 2 

1515 4523489866228850881 1 8
7 6 1 3 0 10 8 5 

1523 8821534337989046604 1 8
1 0 7 6 4 10 8 5 

1511 3035441300429275273 1 8
7 6 10 8 5 1 0 2 

1502 4802874155203545957 1 8
7 6 1 3 2 4 10 8 

1501 7403951049351816789 1 8
6 7 8 10 4 3 0 2 

1499 6117371804028247346 1 8
7 6 1 3 0 4 10 8 

1495 10623743835285956920 1 8
7 6 1 0 2 4 10 8 

1487 16513005136096199484 1 8
10 8 7 6 1 3 0 2 

1469 16469710642290439748 1 8
7 0 2 3 10 8 5 4 

1470 15214492608196534582 1 8
7 1 3 2 4 10 8 5 

1467 17224370588017477279 1 8
7 1 3 0 4 10 8 5 

1455 14136192349519754909 1 8
7 10 8 5 1 3 0 2 

1439 7062164293385026075 1 8
7 4 10 8 1 3 0 2 

1463 8848859767677475721 1 8
7 1 0 2 4 10 8 5 

1406 6376695660970764220 1 8
6 1 3 2 8 10 5 4 

1403 12448188905048260467 1 8
6 1 3 0 8 10 5 4 

1405 15003078090965758478 1 8
6 3 2 0 8 10 5 4 

1391 6496537630888016911 1 8
6 8 10 5 1 3 2 0 

1375 18011529721407562452 1 8
6 10 8 4 3 1 0 2 

1399 15256942532153196537 1 8
6 1 2 0 10 8 5 4 

1278 14875902938346082793 1 8
7 6 1 3 2 4 10 5 

1343 3742339174202928419 1 8
8 10 5 4 3 1 0 2 

1277 2071447943659325327 1 8
7 6 10 5 4 0 2 3 

1275 6886209041066884182 1 8
7 6 1 3 0 4 10 5 

1263 12739008551666543677 2 8
7 6 10 5 1 3 0 2 
10 5 7 6 1 3 0 2 

1271 5664668689045163940 1 8
7 6 1 0 2 4 10 5 

1247 2656366153864314037 1 8
7 6 4 10 1 3 0 2 

1215 11341973314756280702 1 8
7 4 10 5 1 3 0 2 

1151 2712088641739973553 1 8
6 10 5 4 1 3 2 0 

1018 13922105019703638169 1 8
1 3 7 6 4 9 8 5 

1017 7722795981818514928 1 8
7 6 0 3 9 8 5 4 

1020 15786692527025714340 1 8
3 2 6 7 8 5 9 4 

1013 13429811894953920236 1 8
7 6 0 2 9 5 8 4 

1014 10550106480823425151 1 8
1 2 7 6 4 9 5 8 

1003 14304341329336425360 1 8
7 6 9 8 5 0 1 3 

1005 5133088631604162553 1 8
7 6 9 8 5 0 3 2 

1011 3851817194734898400 1 8
7 6 1 0 4 9 5 8 

1006 13524713414268244636 1 8
7 6 1 3 2 9 8 5 

999 12069090771292207142 1 8
7 6 9 5 8 0 1 2 

989 1038913795674810885 1 8
7 6 9 8 4 0 3 2 

987 691491345412136375 1 8
7 6 1 0 3 4 9 8 

990 14345803799321999284 1 8
7 6 1 3 2 4 9 8 

983 11893182582513851618 1 8
7 6 1 0 2 4 9 8 

975 8929271489860940924 1 8
7 6 9 8 0 1 3 2 

957 12205270260768413544 1 8
7 0 3 2 9 5 8 4 

955 11194603798606451655 1 8
7 1 0 3 4 9 5 8 

943 11528769794748751608 1 8
7 9 5 8 0 1 3 2 

958 484890190480367166 1 8
7 1 3 2 4 9 5 8 

951 10671790799425882774 1 8
7 1 0 2 4 9 5 8 

927 12015170578833405339 1 8
7 4 9 8 1 0 3 2 

893 15898523187778016944 1 8
6 3 2 0 8 5 9 4 

891 10460994107101616292 1 8
6 3 1 0 8 5 9 4 

894 5923369703930107192 1 8
6 3 1 2 8 5 9 4 

887 4525923691724777260 1 8
6 2 1 0 5 9 8 4 

765 2014623721010422816 1 8
7 6 9 5 4 0 2 3 

879 12155713696974933426 1 8
6 8 5 9 3 1 2 0 

763 12093325535982261480 1 8
7 6 1 0 3 4 9 5 

766 15424187652311878064 1 8
7 6 1 3 2 4 9 5 

759 1290915046478956287 1 8
7 6 1 0 2 4 9 5 

703 1709799135236425822 1 8
7 4 9 5 1 0 3 2 

751 2337563654601812706 1 8
7 6 9 5 0 1 3 2 

735 6506651668188689955 1 8
7 6 4 9 1 0 3 2 

863 17633789498792850658 1 8
6 8 4 9 3 1 0 2 

831 9118297932495702558 1 8
3 1 0 2 5 9 8 4 

495 18420850294678698775 1 8
5 8 6 7 3 1 2 0 

639 9174647792789044197 1 8
6 5 9 4 1 3 2 0 

509 1025185462811607797 1 8
6 7 8 5 4 3 2 0 

447 16009369939498015384 1 8
7 4 5 8 1 3 2 0 

507 11290668622289079822 1 8
7 6 1 3 0 4 8 5 

510 16929809114299188157 1 8
7 6 1 3 2 4 8 5 

503 7223148521255072873 1 8
7 6 1 2 0 4 5 8 

383 11343976629786269380 1 8
6 8 5 4 3 1 2 0 

479 12842332166843923905 1 8
7 6 4 8 1 3 2 0 

255 5028485699346166484 1 8
7 6 4 5 1 3 2 0 

2024 17647575067585714928 1 7
3 6 7 8 10 9 5 

2018 7504632884176578371 1 7
1 7 6 10 9 8 5 

2020 8003076844348563689 1 7
2 6 7 10 8 5 9 

2017 15172876545067866143 1 7
0 7 6 9 10 8 5 

2002 11395664343104651135 1 7
1 7 6 4 10 9 8 

2004 17544155411066563822 1 7
2 7 6 10 8 4 9 

2008 283468751172893390 1 7
3 6 7 8 10 9 4 

2001 4614645814063681247 1 7
0 7 6 9 10 8 4 

1994 842378655828022521 1 7
1 3 7 6 10 9 8 

1993 4147365892242241272 1 7
7 6 0 3 9 8 10 

1996 15196691371525653025 1 7
3 2 6 7 8 10 9 

1990 11984408592347047132 1 7
1 2 7 6 10 9 8 

1989 11979838504922283678 1 7
7 6 0 2 9 10 8 

1972 16451492142268256796 2 7
2 7 10 8 5 9 4 
7 2 10 8 5 9 4 

1976 12382552988821987486 2 7
3 7 8 10 9 5 4 
7 3 8 10 9 5 4 

1970 15571407823209849572 2 7
1 7 4 10 9 8 5 
7 1 4 10 9 8 5 

1987 16431730554213342508 1 7
7 6 0 1 9 10 8 

1969 2855229094950388943 2 7
0 7 9 10 8 5 4 
7 0 9 10 8 5 4 

1964 13579353363954014879 1 7
7 3 2 10 8 9 5 

1962 11055196222196193043 1 7
7 1 3 10 9 8 5 

1961 12344891111133674037 1 7
7 0 3 9 10 8 5 

1957 17196098864499340719 1 7
7 0 2 9 10 8 5 

1958 14592486135962115131 1 7
7 1 2 10 9 8 5 

1946 5901376691317336023 1 7
7 1 3 4 10 9 8 

1955 637851100403941271 1 7
7 0 1 9 10 8 5 

1945 4813503175977870852 1 7
7 0 3 9 10 8 4 

1948 1419079149496348730 1 7
7 3 2 10 8 9 4 

1941 9072436794652301814 1 7
7 0 2 9 10 8 4 

1942 14926981710422971660 1 7
7 1 2 4 10 9 8 

1939 17634390978230749131 1 7
7 1 0 4 9 10 8 

1934 11977278035267985790 1 7
7 1 3 2 10 9 8 

1931 7801507957517695567 1 7
7 9 10 8 0 1 3 

1933 10716756125377696288 1 7
7 0 3 2 9 10 8 

1927 5707983994048784900 1 7
7 9 10 8 0 1 2 

1912 4604330580895779190 2 7
3 6 8 10 5 9 4 
6 3 8 10 5 9 4 

1908 7398522880969288245 2 7
2 6 8 10 5 9 4 
6 2 8 10 5 9 4 

1906 15777076910128204687 2 7
1 6 10 8 5 9 4 
6 1 10 8 5 9 4 

1905 12708923945006610410 2 7
0 6 8 10 5 9 4 
6 0 8 10 5 9 4 

1898 13987390981185964619 1 7
6 1 3 8 10 5 9 

1900 4803878600178886886 1 7
6 3 2 8 10 5 9 

1897 17033213883494520670 1 7
6 3 0 8 10 5 9 

1870 13165926865061015120 4 7
6 3 1 2 10 8 9 
6 1 3 2 8 10 9 
6 8 10 9 1 3 2 
6 10 8 9 3 1 2 

1894 9626931514897561626 1 7
6 1 2 10 8 5 9 

1893 835352605095772582 1 7
6 2 0 8 10 5 9 

1881 14839440988032084377 1 7
6 3 0 8 10 4 9 

1882 940541776316277156 1 7
6 3 1 10 8 4 9 

1891 13540325493704406090 1 7
6 1 0 10 8 5 9 

1884 5435457848773376914 1 7
6 3 2 8 10 4 9 

1877 2495781722020618564 1 7
6 0 2 10 8 4 9 

1878 2380764710546610850 1 7
6 1 2 10 8 4 9 

1875 4568704180519052256 1 7
6 1 0 10 8 4 9 

1869 3614139262149829749 1 7
6 8 10 9 3 0 2 

1850 6582568922249326725 2 7
1 3 8 10 5 9 4 
3 1 8 10 5 9 4 

1867 1207292288628585060 1 7
6 3 1 0 10 8 9 

1849 16483459458332962972 2 7
0 3 8 10 5 9 4 
3 0 8 10 5 9 4 

1845 12137284800086776124 2 7
0 2 8 10 5 9 4 
2 0 8 10 5 9 4 

1863 13595645149185160066 1 7
6 10 8 9 1 0 2 

1838 18228271182413022264 2 7
1 3 2 8 10 5 9 
3 1 2 8 10 5 9 

1831 12423414726229280179 2 7
0 2 1 8 10 5 9 
2 0 1 8 10 5 9 

1835 5740294670392059985 1 7
3 1 0 8 10 5 9 

1837 4232338150277073332 1 7
0 3 2 8 10 5 9 

1822 1579625507060443771 2 7
1 3 2 10 8 4 9 
3 1 2 10 8 4 9 

1815 14824233836250441425 2 7
0 2 1 10 8 4 9 
2 0 1 10 8 4 9 

1807 1579625507060443771 2 7
8 10 9 3 1 0 2 
10 8 9 3 1 0 2 

1821 9639979024069616104 1 7
0 3 2 10 8 4 9 

1819 17842449184542000572 1 7
3 1 0 10 8 4 9 

1780 10778630352698369941 1 7
2 6 7 5 9 10 4 

1772 6494912941262778229 2 7
2 3 7 6 9 5 10 
7 6 2 3 5 9 10 

1784 3492443950454405774 1 7
3 7 6 9 5 4 10 

1778 17946502240556292278 1 7
1 7 6 4 10 9 5 

1777 3529879341037036694 1 7
0 7 6 9 10 5 4 

1770 14709545147496659594 1 7
1 3 7 6 10 9 5 

1769 1153537010840957607 1 7
7 6 0 3 9 10 5 

1754 10880021351537902046 1 7
1 3 7 6 4 10 9 

1765 2303841999055917885 1 7
7 6 0 2 9 10 5 

1763 8397895379154049318 1 7
7 6 0 1 9 10 5 

1766 14149443753173379270 1 7
1 2 7 6 10 9 5 

1753 11153181688484411531 1 7
7 6 0 3 9 10 4 

1749 1287838847780298962 1 7
7 6 0 2 9 10 4 

1750 15163447989608863369 1 7
1 2 7 6 4 10 9 

1756 4445543132326522434 1 7
7 6 3 2 9 10 4 

1747 11887668605199610655 1 7
7 6 1 0 4 9 10 

1739 4836515759345894457 1 7
7 6 9 10 0 1 3 

1741 12511140414635920371 1 7
7 6 9 10 0 3 2 

1722 10821439582890471144 1 7
7 1 3 4 10 9 5 

1742 11971422689597005538 1 7
7 6 10 9 1 3 2 

1721 5322472252165904486 1 7
7 0 3 9 10 5 4 

1735 11999016569352479798 1 7
7 6 9 10 0 1 2 

1724 17545545844974703546 1 7
7 3 2 9 5 10 4 

1718 96342008119535210 1 7
7 1 2 4 10 9 5 

1717 17147567285403552943 1 7
7 0 2 9 10 5 4 

1715 6492445859537551881 1 7
7 1 0 4 9 10 5 

1709 7245086354194985432 1 7
7 0 3 2 9 10 5 

1707 15272077060489416987 1 7
7 9 10 5 0 1 3 

1710 468743444612147646 1 7
7 1 3 2 10 9 5 

1691 11207250139859788071 1 7
7 1 0 3 4 9 10 

1703 18108269207585514725 1 7
7 9 10 5 0 1 2 

1693 16881425923579131490 1 7
7 0 3 2 9 10 4 

1694 1780857171188613286 1 7
7 1 3 2 4 10 9 

1687 10027205071508845398 1 7
7 1 0 2 4 9 10 

1679 14931118461337861025 1 7
7 9 10 0 1 3 2 

1660 2234753884056203742 1 7
6 2 3 5 9 4 10 

1658 6640153060641636806 1 7
6 1 3 10 5 9 4 

1657 9936259005402256828 1 7
6 0 3 9 5 4 10 

1653 10793487024709945233 1 7
6 2 0 5 9 10 4 

1654 13997009349509139440 1 7
6 1 2 10 5 9 4 

1643 12160595649509187264 1 7
6 1 3 0 10 5 9 

1645 250617855277900243 1 7
6 5 9 10 2 0 3 

1651 8552405624583949930 1 7
6 1 0 10 5 9 4 

1629 9302515773516144080 2 7
6 4 10 9 0 3 2 
6 0 3 2 4 10 9 

1646 13863576988650819793 1 7
6 1 3 2 10 5 9 

1639 3116682040547190524 1 7
6 1 2 0 10 5 9 

1627 4692915164307129694 1 7
6 1 3 0 10 4 9 

1630 3614139262149829749 1 7
6 1 3 2 10 4 9 

1598 10911971790975949889 2 7
1 3 2 9 5 4 10 
3 1 2 9 5 4 10 

1623 905093441675835951 1 7
6 10 4 9 1 0 2 

1615 5435457848773376914 1 7
6 10 9 1 3 0 2 

1591 4764060180850476085 2 7
0 2 1 9 5 4 10 
2 0 1 9 5 4 10 

1597 501113739696185166 1 7
0 3 2 9 5 4 10 

1595 14993482640195828935 1 7
3 1 0 9 5 4 10 

1583 10805358636800295628 2 7
5 9 10 3 1 0 2 
9 5 10 3 1 0 2 

1567 9639979024069616104 1 7
4 10 9 3 1 0 2 

1528 6576944258233808641 1 7
3 6 7 8 10 5 4 

1524 13912754785605127320 1 7
2 6 7 10 8 5 4 

1522 5695603411287081187 1 7
1 7 6 4 10 8 5 

1521 6622074298352006207 1 7
0 7 6 10 8 5 4 

1516 9164252855895648634 1 7
6 7 3 2 8 10 5 

1514 4039615009085782201 1 7
1 3 7 6 10 8 5 

1513 10431093527105449035 1 7
3 0 6 7 8 10 5 

1509 12286262993037242927 1 7
7 6 0 2 10 8 5 

1510 4985882035099087654 1 7
1 2 7 6 10 8 5 

1507 15933683562003130794 1 7
1 0 7 6 10 8 5 

1498 4182078338879392465 1 7
1 3 7 6 4 10 8 

1497 15083023280492767154 1 7
3 0 6 7 8 10 4 

1493 10344917636045156232 1 7
7 6 0 2 10 8 4 

1500 17344524765621990071 1 7
3 2 6 7 8 10 4 

1494 7076835242495821674 1 7
1 2 7 6 4 10 8 

1491 17517029789799053964 1 7
1 0 7 6 4 10 8 

1485 1975836198284533280 1 7
8 10 6 7 3 0 2 

1483 3942137400982969950 1 7
10 8 7 6 1 3 0 

1486 8203368899636581232 1 7
10 8 7 6 1 3 2 

1479 14205142827300971019 1 7
10 8 7 6 1 0 2 

1466 5457980841125504597 1 7
7 1 3 4 10 8 5 

1465 8524896715138853027 1 7
7 0 3 10 8 5 4 

1468 10555988699857842193 1 7
7 2 3 10 8 5 4 

1461 11124083589143106638 1 7
7 0 2 10 8 5 4 

1462 12176079787758642210 1 7
7 1 2 4 10 8 5 

1453 17676521943554104048 1 7
7 10 8 5 0 2 3 

1454 4749698577860395126 1 7
7 1 3 2 10 8 5 

1459 6766088274511815570 1 7
7 1 0 4 10 8 5 

1451 387589342149454816 1 7
7 1 3 0 10 8 5 

1447 1624543888246745188 1 7
7 10 8 5 1 0 2 

1437 1402715882986685444 1 7
7 10 8 4 0 2 3 

1435 14234046914286506824 1 7
7 1 3 0 4 10 8 

1438 17641359950395334434 1 7
7 1 3 2 4 10 8 

1431 17615412421880882543 1 7
7 1 0 2 4 10 8 

1423 13552274384431654674 1 7
7 10 8 1 3 0 2 

1402 4930954726075950997 1 7
6 1 3 8 10 5 4 

1401 18217803753420532768 1 7
6 3 0 8 10 5 4 

1404 14275080216871976477 1 7
6 3 2 8 10 5 4 

1397 5867186522375709668 1 7
6 2 0 8 10 5 4 

1398 13184739633081917449 1 7
6 1 2 10 8 5 4 

1390 937135050945168912 1 7
6 8 10 5 1 3 2 

1387 17028265927301428181 1 7
6 8 10 5 1 3 0 

1389 8113977023570541562 1 7
6 8 10 5 3 2 0 

1395 13604546316161328881 1 7
6 1 0 10 8 5 4 

1371 10835830101887869452 2 7
6 3 1 0 10 8 4 
6 10 8 4 3 1 0 

1383 9964478669488453052 1 7
6 10 8 5 1 2 0 

1373 4692915164307129694 1 7
6 8 10 4 3 0 2 

1374 1207292288628585060 1 7
6 10 8 4 3 1 2 

1367 4015979662095117818 1 7
6 10 8 4 1 0 2 

1359 940541776316277156 1 7
6 10 8 3 1 0 2 

1342 1817606968043707264 2 7
1 3 2 8 10 5 4 
3 1 2 8 10 5 4 

1335 13819924986321599749 2 7
0 2 1 8 10 5 4 
2 0 1 8 10 5 4 

1341 9687900317270517779 1 7
0 3 2 8 10 5 4 

1339 12314288791188517453 1 7
3 1 0 8 10 5 4 

1327 10146943184962080999 1 7
8 10 5 3 1 0 2 

189 16888956151144411176 1 6
7 5 4 0 3 2 

159 8591046231436121651 2 6
4 7 1 3 0 2 
7 4 1 3 0 2 

1268 12943781385872134791 1 6
2 6 7 5 10 4 

1928 3104507577860085792 2 5
3 7 8 10 9 
7 3 8 10 9 

1860 4371450033458042159 4 5
2 6 8 10 9 
2 6 10 8 9 
6 2 8 10 9 
6 2 10 8 9 

1688 5688701369237153528 2 5
3 7 9 4 10 
7 3 9 4 10 

579 17887279683134771417 2 4
6 9 0 1 
9 6 0 1 

1674 12648726172183548297 1 5
7 1 3 10 9 

565 12948875462957744768 2 5
0 2 9 5 4 
2 0 9 5 4 

1610 11980933998515745426 1 5
6 1 3 10 9 

501 1644789247665903821 1 7
2 0 6 7 5 8 4 

1578 8949786454873703306 4 5
1 3 5 9 10 
1 3 9 5 10 
3 1 5 9 10 
3 1 9 5 10 

469 3231514027210052541 1 6
7 6 2 0 8 4 

1577 16588639777164309733 4 5
0 3 5 9 10 
0 3 9 5 10 
3 0 5 9 10 
3 0 9 5 10 

468 17521397592624927107 1 5
2 7 6 8 4 

1609 2695467718719299450 1 5
6 0 3 10 9 

500 8075229840450423941 1 6
2 6 7 5 8 4 

1573 11008545348689623297 4 5
0 2 5 9 10 
0 2 9 5 10 
2 0 5 9 10 
2 0 9 5 10 

1606 15437653239604184760 2 5
6 1 2 10 9 
6 10 9 1 2 

497 5787142557804970130 1 6
0 7 6 5 8 4 

1605 14362817517453908966 1 5
6 0 2 10 9 

1562 17483182766039722921 2 5
1 3 4 10 9 
3 1 4 10 9 

453 3497966889793097255 1 5
8 7 6 2 0 

1603 17699406282865704640 1 5
6 10 9 1 0 

494 8997551193332920675 1 7
5 8 6 7 3 1 2 

1561 4393678982727577356 2 5
0 3 4 10 9 
3 0 4 10 9 

452 7749358778184649841 2 4
2 8 7 6 
8 2 7 6 

1557 15325366198155284618 2 5
0 2 4 10 9 
2 0 4 10 9 

1448 7326609670347691513 2 5
3 7 8 10 5 
7 3 8 10 5 

1432 10575824157525323121 2 5
3 7 8 10 4 
7 3 8 10 4 

1425 6974534618195335051 2 5
0 7 10 8 4 
7 0 10 8 4 

1418 11673909277433300601 2 5
7 1 3 10 8 
7 10 8 1 3 

309 8011121321198652398 4 5
0 2 5 8 4 
0 2 8 5 4 
2 0 5 8 4 
2 0 8 5 4 

1417 6000256302252880286 1 5
7 10 8 0 3 

1420 9091456382990519698 1 5
7 10 8 2 3 

311 14492202097435718895 4 6
5 8 4 2 0 1 
5 8 4 0 2 1 
8 5 4 2 0 1 
8 5 4 0 2 1 

1354 2273536444565248587 4 5
6 3 1 10 8 
6 1 3 8 10 
6 8 10 1 3 
6 10 8 3 1 

245 5707616946123111600 1 6
5 4 2 0 6 7 

1368 1763043509651795771 2 5
3 6 8 10 4 
6 3 8 10 4 

1364 7186779217556644090 2 5
2 6 10 8 4 
6 2 10 8 4 

1361 15548420872539887482 2 5
0 6 10 8 4 
6 0 10 8 4 

252 1879203323184788232 1 6
6 7 2 3 5 4 

1362 1916379788266846375 2 5
1 6 10 8 4 
6 1 10 8 4 

253 8418573838408793641 1 7
6 7 5 4 2 0 3 

1353 2667208276719982425 1 5
6 8 10 3 0 

244 15668977212247144929 1 5
2 6 7 5 4 

1356 11980933998515745426 1 5
6 8 10 3 2 

247 8106790459450026592 1 7
7 6 4 5 1 2 0 

1349 5048140569308930538 1 5
6 10 8 0 2 

1347 12237152707301089376 1 5
6 10 8 1 0 

238 7006050289965497513 1 6
5 7 6 1 3 2 

1322 8591433201122464381 2 5
1 3 8 10 5 
3 1 8 10 5 

213 5175947094492527862 1 5
4 2 0 7 6 

1321 16023312889868456022 2 5
0 3 8 10 5 
3 0 8 10 5 

212 17837167053017498089 2 4
2 4 7 6 
4 2 7 6 

1858 12791060465784877876 2 5
1 6 10 8 9 
6 1 10 8 9 

749 14400637165639727781 1 7
9 5 7 6 0 2 3 

1317 2837709290555074103 2 5
0 2 8 10 5 
2 0 8 10 5 

1306 10886199027269074090 2 5
1 3 10 8 4 
3 1 10 8 4 

1305 13353773968076058025 2 5
0 3 10 8 4 
3 0 10 8 4 

1301 6462846245178691602 2 5
0 2 10 8 4 
2 0 10 8 4 

1291 10886199027269074090 2 5
8 10 3 1 0 
10 8 3 1 0 

182 541209345122449514 1 5
7 1 2 4 5 

1287 1138592515222922547 4 5
8 10 2 0 1 
8 10 0 2 1 
10 8 2 0 1 
10 8 0 2 1 

178 8927535125769960601 2 4
1 7 4 5 
7 1 4 5 

1234 9779225619726280625 1 5
1 7 6 4 10 

125 15149497229146943182 1 6
6 5 4 2 3 0 

1226 17391442542167295574 1 5
10 1 3 7 6 

117 17860349768779352418 1 5
6 2 0 5 4 

126 2067724760687206417 1 6
6 5 4 1 3 2 

1235 13360086403164736785 1 6
1 0 7 6 4 10 

1208 10057511196043214753 4 5
3 7 4 10 5 
3 7 10 4 5 
7 3 4 10 5 
7 3 10 4 5 

99 16915825558928311941 2 4
5 6 1 0 
6 5 1 0 

95 15576137016969366505 2 6
4 6 3 1 0 2 
6 4 3 1 0 2 

1204 14468663750674735850 2 5
2 7 10 4 5 
7 2 10 4 5 

1177 15974084916016874547 2 5
7 0 3 10 4 
7 10 4 0 3 

1178 9857342505411358714 1 5
7 1 3 4 10 

1165 7769933637578064647 2 5
7 10 0 2 3 
10 7 0 2 3 

1704 7448607367796015672 2 5
3 7 9 5 10 
7 3 9 5 10 

595 16832031686870619660 1 5
6 9 4 0 1 

1163 18203502509117402846 2 5
7 10 1 3 0 
10 7 1 3 0 

1144 9785081722494004834 2 5
3 6 4 10 5 
6 3 4 10 5 

1681 5858994484616550230 2 5
0 7 9 10 4 
7 0 9 10 4 

1140 12041065707280756945 2 5
2 6 5 4 10 
6 2 5 4 10 

1113 6589797030672538692 4 5
6 3 0 10 4 
6 4 10 0 3 
6 0 3 4 10 
6 10 4 3 0 

1673 3227060769206022970 1 5
7 0 3 9 10 

1132 12333806618809233336 2 5
6 5 10 2 3 
6 2 3 5 10 

1670 18246107868750072538 1 5
7 1 2 10 9 

1129 8958340502831256038 1 5
6 0 3 10 5 

1114 2667208276719982425 1 5
6 1 3 10 4 

1116 2695467718719299450 1 5
6 4 10 3 2 

1109 5198021194697542212 1 5
6 10 4 0 2 

1123 1857296416652054880 1 5
6 1 0 10 5 

1102 12791060465784877876 2 5
6 10 1 3 2 
10 6 1 3 2 

1107 91028332943022554 1 5
6 10 4 1 0 

1101 5172967123309935137 2 5
6 10 0 3 2 
10 6 0 3 2 

1618 16745054588667354198 2 5
1 6 10 4 9 
6 1 10 4 9 

1077 14823910683497886634 4 5
0 2 4 10 5 
0 2 10 4 5 
2 0 4 10 5 
2 0 10 4 5 

1081 13074402011587032401 4 5
0 3 4 10 5 
0 3 10 4 5 
3 0 4 10 5 
3 0 10 4 5 

1054 13031477392217829526 4 5
4 10 3 1 2 
4 10 1 3 2 
10 4 3 1 2 
10 4 1 3 2 

1053 4393678982727577356 2 5
4 10 0 3 2 
10 4 0 3 2 

1047 8216266871585103988 4 5
4 10 2 0 1 
4 10 0 2 1 
10 4 2 0 1 
10 4 0 2 1 

1051 13353773968076058025 2 5
4 10 3 1 0 
10 4 3 1 0 

968 9398814121384522797 1 5
3 8 9 6 7 

964 18365504181220394553 2 5
2 7 6 8 9 
2 8 9 7 6 

916 2185484574967903339 2 5
2 7 8 4 9 
7 2 8 4 9 

920 7336308653631766349 2 5
3 7 9 8 4 
7 3 9 8 4 

914 10374769972579623743 2 5
1 7 4 9 8 
7 1 4 9 8 

908 3232943988500552564 1 5
7 3 2 9 8 

906 14644891157082368579 1 5
7 1 3 9 8 

865 2327246625939005972 2 5
0 6 5 9 8 
6 0 5 9 8 

856 6481925661325170865 2 5
3 6 8 4 9 
6 3 8 4 9 

852 6025599525737931072 2 5
2 6 4 9 8 
6 2 4 9 8 

849 6025599525737931072 2 5
0 6 9 4 8 
6 0 9 4 8 

844 15437653239604184760 2 5
6 3 2 8 9 
6 8 9 3 2 

1953 3414772762965672979 2 6
0 7 9 10 8 5 
7 0 9 10 8 5 

1350 11980933998515745426 1 5
6 10 8 1 2 

241 17104469326516744006 2 5
0 5 4 7 6 
0 7 6 5 4 

809 2616991395632091775 2 5
0 3 5 9 8 
3 0 5 9 8 

810 11345206292302802483 2 5
1 3 5 9 8 
3 1 5 9 8 

794 1138592515222922547 4 5
1 3 4 9 8 
1 3 9 4 8 
3 1 4 9 8 
3 1 9 4 8 

841 10849509562321554775 1 5
6 3 0 8 9 

1378 3655088517396297522 2 5
1 6 10 8 5 
6 1 10 8 5 

837 16832031686870619660 1 5
6 0 2 9 8 

835 1388894099151690725 2 5
6 0 1 9 8 
6 9 8 0 1 

1944 11179355031173561496 2 6
3 7 8 10 9 4 
7 3 8 10 9 4 

793 8216266871585103988 4 5
0 3 4 9 8 
0 3 9 4 8 
3 0 4 9 8 
3 0 9 4 8 

737 14051938356522286373 1 5
0 9 5 7 6 

738 15357568734947430579 1 5
1 7 6 9 5 

740 12483974263121418195 1 5
2 5 9 6 7 

183 6599953166389553184 1 6
7 4 5 1 0 2 

724 5175947094492527862 1 5
2 4 9 7 6 

1833 1786347414285577216 2 6
0 3 8 10 5 9 
3 0 8 10 5 9 

187 14846718943191670767 1 6
7 4 5 1 3 0 

728 10513770836867850117 1 5
3 9 4 7 6 

175 287993186096256536 2 6
5 7 1 3 0 2 
7 5 1 3 0 2 

716 12333806618809233336 2 5
9 3 2 7 6 
9 7 6 3 2 

713 18371911488253825908 1 5
9 7 6 0 3 

1250 18119624827204079675 2 5
1 7 6 10 5 
1 10 5 7 6 

709 4190650343247945452 1 5
9 0 2 7 6 

1818 1045322314881229658 2 6
1 3 10 8 4 9 
3 1 10 8 4 9 

682 7852290163335250765 1 5
7 1 3 9 5 

1222 15002798942757363749 1 5
10 1 2 7 6 

681 2438854481057134713 1 5
7 9 5 0 3 

1225 13051113628597485537 1 5
10 0 3 7 6 

116 1967011551577125904 2 4
2 6 5 4 
6 2 5 4 

684 12483974263121418195 1 5
7 9 5 3 2 

666 7031848548841884148 1 5
7 1 3 4 9 

675 14173986880804169401 1 5
7 9 5 0 1 

1219 8380532027085826686 1 5
10 1 0 7 6 

110 3104507577860085792 2 5
5 6 1 3 2 
6 5 1 3 2 

678 3721566621410587416 1 5
7 1 2 9 5 

668 1963796388850387466 1 5
7 9 4 3 2 

1194 17391442542167295574 1 5
7 1 3 10 5 

85 11884594621899989187 2 4
4 6 2 0 
6 4 2 0 

653 13650677475698265141 2 5
7 9 0 3 2 
9 7 0 3 2 

1762 2340822712378246445 1 6
1 7 6 10 9 5 

1736 12333806618809233336 2 5
3 7 6 9 10 
3 9 10 7 6 

627 17130389520750802618 1 6
6 1 0 5 9 4 

654 15496589841103910252 2 5
7 9 1 3 2 
9 7 1 3 2 

1700 10537703092706985908 4 5
2 7 5 9 10 
2 7 9 5 10 
7 2 5 9 10 
7 2 9 5 10 

591 14067259615424979558 2 6
6 9 3 1 0 2 
9 6 3 1 0 2 

1159 16687834219835605929 2 5
7 10 1 0 2 
10 7 1 0 2 

618 525322952204942273 1 5
6 1 3 5 9 

1138 7369987187217021341 2 5
1 6 10 5 4 
6 1 10 5 4 

597 10370027184005429524 4 5
6 2 0 9 4 
6 4 9 0 2 
6 0 2 4 9 
6 9 4 2 0 

1706 10558916312619668731 1 6
7 1 3 10 9 5 

611 1731439936139547718 1 5
6 5 9 1 0 

1720 16468744112718626197 2 6
3 7 9 5 4 10 
7 3 9 5 4 10 

604 14362817517453908966 1 5
6 4 9 3 2 

1713 15758614717301374886 2 6
0 7 9 10 5 4 
7 0 9 10 5 4 

601 5198021194697542212 1 5
6 3 0 4 9 

1684 6923550362039283452 2 5
2 7 10 4 9 
7 2 10 4 9 

575 3636923497752020041 1 7
9 5 4 3 1 0 2 

602 5048140569308930538 1 5
6 3 1 4 9 

598 16832031686870619660 1 5
6 4 9 2 1 

1130 7250286865385132093 1 5
6 1 3 10 5 

589 15948316403247222144 2 5
6 9 0 3 2 
9 6 0 3 2 

1698 8679181250999678687 2 5
1 7 10 9 5 
7 1 10 9 5 

570 13958916697673636633 2 5
1 3 9 5 4 
3 1 9 5 4 

1669 9471127414137347445 1 5
7 0 2 9 10 

587 7186779217556644090 2 5
6 9 3 1 0 
9 6 3 1 0 

1110 10849509562321554775 1 5
6 10 4 1 2 

569 12331373382376577166 2 5
0 3 9 5 4 
3 0 9 5 4 

1678 6017744112776720192 1 6
7 10 9 1 3 2 

1640 6495016557612365968 4 5
3 6 5 9 10 
3 6 9 5 10 
6 3 5 9 10 
6 3 9 5 10 

1099 1763043509651795771 2 5
6 10 1 3 0 
10 6 1 3 0 

558 8519138729648068528 4 5
5 9 3 1 2 
5 9 1 3 2 
9 5 3 1 2 
9 5 1 3 2 

1667 9507971331481458220 1 5
7 9 10 0 1 

555 8827128341014135667 2 5
5 9 3 1 0 
9 5 3 1 0 

1633 13974301938252847616 2 5
0 6 9 5 10 
6 0 9 5 10 

551 2122930109453312136 4 5
5 9 2 0 1 
5 9 0 2 1 
9 5 2 0 1 
9 5 0 2 1 

1624 5172967123309935137 2 5
3 6 4 10 9 
6 3 4 10 9 

542 4085351278164353384 4 5
4 9 3 1 2 
4 9 1 3 2 
9 4 3 1 2 
9 4 1 3 2 

1082 17221596778400947300 4 5
1 3 4 10 5 
1 3 10 4 5 
3 1 4 10 5 
3 1 10 4 5 

541 15325366198155284618 2 5
4 9 0 3 2 
9 4 0 3 2 

1650 16180153726427297695 2 6
1 6 10 5 9 4 
6 1 10 5 9 4 

539 6462846245178691602 2 5
4 9 3 1 0 
9 4 3 1 0 

1617 2596009493903088622 2 5
0 6 10 4 9 
6 0 10 4 9 

508 16023714384630062021 1 7
6 7 3 2 8 5 4 

535 6157756430126456764 4 5
4 9 2 0 1 
4 9 0 2 1 
9 4 2 0 1 
9 4 0 2 1 

1644 15616141116835099293 1 6
6 2 3 5 9 10 

488 14887497182035618036 1 5
3 8 5 6 7 

484 8136673284390891875 1 5
2 5 8 6 7 

1593 8496709654137381324 2 6
0 3 9 5 4 10 
3 0 9 5 4 10 

482 14887497182035618036 1 5
1 5 8 7 6 

481 7810606990574405583 1 5
0 5 8 7 6 

465 4472722082577013749 2 5
0 7 6 8 4 
0 8 4 7 6 

472 1857296416652054880 1 5
3 8 4 6 7 

1581 3353855019776648836 2 6
5 9 10 0 3 2 
9 5 10 0 3 2 

466 9071686258955056856 2 5
1 4 8 7 6 
1 7 6 4 8 

1575 6175583691252575588 4 6
5 9 10 0 2 1 
5 9 10 2 0 1 
9 5 10 0 2 1 
9 5 10 2 0 1 

457 13146101265993107534 1 5
8 3 0 6 7 

1566 2227195175940663565 2 6
1 3 2 4 10 9 
3 1 2 4 10 9 

460 5103239775892758523 1 5
8 3 2 6 7 

458 7250286865385132093 1 5
8 3 1 6 7 

454 18365504181220394553 2 5
8 2 1 7 6 
8 7 6 2 1 

1563 8299414104499614430 1 6
3 1 0 4 10 9 

436 9597201218283451359 2 5
2 7 8 5 4 
7 2 8 5 4 

451 4472722082577013749 2 5
8 7 6 0 1 
8 0 1 7 6 

440 13022397277119952093 2 5
3 7 8 5 4 
7 3 8 5 4 

433 8996776100836683842 2 5
0 7 5 8 4 
7 0 5 8 4 

434 13118114735949138597 2 5
1 7 4 5 8 
7 1 4 5 8 

425 6886598699732812518 1 5
7 8 5 3 0 

426 14870819615023189670 1 5
7 1 3 5 8 

428 8825247955524569737 1 5
7 8 5 3 2 

705 3049094648787536630 2 4
0 9 7 6 
9 0 7 6 

1474 17391442542167295574 1 5
1 10 8 7 6 

365 12413165473406950652 1 6
6 8 5 3 2 0 

392 7450046853052343298 6 3
3 7 8 
3 8 7 
7 3 8 
7 8 3 
8 7 3 
8 3 7 

111 11179355031173561496 2 6
5 6 1 3 2 0 
6 5 1 3 2 0 

1220 7272350682412212971 2 4
2 10 7 6 
10 2 7 6 

1193 13051113628597485537 1 5
7 0 3 10 5 

84 15828609420889821669 6 3
2 4 6 
2 6 4 
4 2 6 
4 6 2 
6 4 2 
6 2 4 

652 3200740057765086974 2 4
7 9 3 2 
9 7 3 2 

1761 1679298064017049347 1 6
0 7 6 9 10 5 

936 2040161856191801310 2 5
3 7 9 5 8 
7 3 9 5 8 

395 7220449061107687675 2 5
7 8 3 1 0 
8 7 3 1 0 

1180 219570998665567466 1 5
7 10 4 2 3 

98 7450046853052343298 6 3
1 5 6 
1 6 5 
5 1 6 
5 6 1 
6 5 1 
6 1 5 

1207 17609637041612218620 1 7
7 1 0 2 4 10 5 

355 15297257226971509578 1 5
6 5 8 1 0 

1464 15113793973981848130 2 6
3 7 8 10 5 4 
7 3 8 10 5 4 

1636 7448607367796015672 2 5
2 6 5 9 10 
6 2 5 9 10 

1095 6481925661325170865 2 5
6 10 1 0 2 
10 6 1 0 2 

554 6462860366022863254 4 4
1 3 5 9 
1 3 9 5 
3 1 5 9 
3 1 9 5 

297 4961594721717588893 4 4
5 8 0 3 
5 8 3 0 
8 5 3 0 
8 5 0 3 

1126 9398814121384522797 1 5
6 1 2 10 5 

585 10774849515392392285 2 4
6 9 0 3 
9 6 0 3 

1221 4908341224585185950 1 5
10 7 6 0 2 

680 5834067585767851843 2 4
3 7 9 5 
7 3 9 5 

707 7381233661683085923 1 5
9 7 6 0 1 

166 15921278161905006561 2 4
5 7 1 2 
7 5 1 2 

162 15872179058582409548 6 3
1 5 7 
1 7 5 
5 1 7 
5 7 1 
7 5 1 
7 1 5 

419 10762279135717947870 1 5
7 5 8 1 0 

119 12779420575075682960 1 6
6 5 4 2 1 0 

1228 10079085783794763211 2 5
10 7 6 2 3 
10 2 3 7 6 

1201 14482205021025697624 2 5
0 7 10 4 5 
7 0 10 4 5 

92 9065658372375073219 2 4
4 6 3 2 
6 4 3 2 

660 9379469496867282872 2 4
2 7 4 9 
7 2 4 9 

146 1312353553528056239 6 3
1 4 7 
1 7 4 
4 1 7 
4 7 1 
7 4 1 
7 1 4 

1255 14167224534539838950 2 7
7 6 10 5 1 0 2 
10 5 7 6 1 0 2 

403 15444813299802097842 2 5
7 1 0 4 8 
7 4 8 1 0 

1512 12216380519683506393 1 6
3 6 7 8 10 5 

533 5886880350502520598 8 4
0 2 4 9 
0 2 9 4 
2 0 4 9 
2 0 9 4 
4 9 0 2 
4 9 2 0 
9 4 2 0 
9 4 0 2 

1642 10226992727935006930 1 6
6 1 3 10 5 9 

1620 15948316403247222144 2 5
2 6 4 10 9 
6 2 4 10 9 

538 12712333891573540035 4 4
1 3 4 9 
1 3 9 4 
3 1 4 9 
3 1 9 4 

449 2890286143390050980 2 4
0 8 7 6 
8 0 7 6 

418 10199520230585323513 2 4
1 7 5 8 
7 1 5 8 

161 1432720219473702097 6 3
0 5 7 
0 7 5 
5 0 7 
5 7 0 
7 5 0 
7 0 5 

1270 10891112706395070031 1 7
1 2 7 6 4 10 5 

613 5513819072710914921 1 5
6 5 9 2 0 

1154 18224353764559210536 6 3
1 7 10 
1 10 7 
7 1 10 
7 10 1 
10 7 1 
10 1 7 

1441 354615927143388697 2 5
0 7 10 8 5 
7 0 10 8 5 

332 15921278161905006561 2 4
6 8 3 2 
8 6 3 2 

900 7749358778184649841 2 4
2 7 8 9 
7 2 8 9 

930 4590171045966526206 2 5
1 7 9 5 8 
7 1 9 5 8 

389 13600159191933053419 2 4
7 8 2 0 
8 7 2 0 

393 13956701213921717314 2 4
7 8 3 0 
8 7 3 0 

1164 7272350682412212971 2 4
7 10 2 3 
10 7 2 3 

904 946703264691336451 2 4
3 7 9 8 
7 3 9 8 

390 7749358778184649841 2 4
7 8 2 1 
8 7 2 1 

620 12483974263121418195 1 5
6 5 9 2 3 

1729 13298507658000913143 1 5
0 7 6 9 10 

1161 8135786519864441783 2 4
7 10 0 3 
10 7 0 3 

396 11568230274177070470 2 4
7 8 3 2 
8 7 3 2 

1505 11080021168860578332 1 6
0 7 6 10 8 5 

614 12260076473228177123 1 5
6 5 9 2 1 

1155 14371700631230681494 2 4
7 10 1 0 
10 7 1 0 

1412 11926979696913808518 2 4
2 7 10 8 
7 2 10 8 

303 17546971230268385971 2 6
5 8 3 1 0 2 
8 5 3 1 0 2 

330 8583824903979149363 2 4
6 8 3 1 
8 6 3 1 

456 5912540226525049552 2 4
3 8 6 7 
8 3 6 7 

1565 10043127476157968794 2 6
0 3 2 4 10 9 
4 10 9 0 3 2 

1411 7935468482505322541 1 5
7 10 8 1 0 

302 6216886197120615549 4 5
5 8 3 1 2 
5 8 1 3 2 
8 5 3 1 2 
8 5 1 3 2 

329 11101093605965444628 2 4
6 8 3 0 
8 6 3 0 

1668 7272350682412212971 2 4
2 7 10 9 
7 2 10 9 

559 13058413653546484300 2 6
5 9 3 1 0 2 
9 5 3 1 0 2 

586 7025238123519974264 4 4
6 9 1 3 
6 9 3 1 
9 6 3 1 
9 6 1 3 

833 17887279683134771417 2 4
0 6 9 8 
6 0 9 8 

549 4922572699255489793 4 4
5 9 0 2 
5 9 2 0 
9 5 2 0 
9 5 0 2 

1090 15872179058582409548 6 3
1 6 10 
1 10 6 
6 1 10 
6 10 1 
10 6 1 
10 1 6 

1634 13609462333445636204 2 5
1 6 10 5 9 
6 1 10 5 9 

1093 1700726130989536146 2 4
6 10 0 2 
10 6 0 2 

866 18170671377567276612 2 5
1 6 5 9 8 
6 1 5 9 8 

325 2515083834293954836 4 4
6 8 0 2 
6 8 2 0 
8 6 2 0 
8 6 0 2 

1434 10256233142663908329 1 6
7 1 3 4 10 8 

402 10813135750082221722 2 4
1 7 4 8 
7 1 4 8 

689 6182873286622946846 2 5
0 7 9 5 4 
7 0 9 5 4 

148 5619294770944616613 6 3
2 4 7 
2 7 4 
4 2 7 
4 7 2 
7 4 2 
7 2 4 

1257 12738774533781340050 2 6
0 3 7 6 10 5 
0 3 10 5 7 6 

405 15754005013592826033 1 5
7 2 0 8 4 

1187 8380532027085826686 1 5
7 1 0 10 5 

646 13040469201582489813 2 4
7 9 1 2 
9 7 1 2 

105 17087420761432422547 4 4
5 6 0 3 
5 6 3 0 
6 5 3 0 
6 5 0 3 

1214 2010366145924849805 1 7
7 1 3 2 4 10 5 

1444 11972432877854918628 2 5
2 7 10 8 5 
7 2 10 8 5 

335 1348048972116502928 2 6
6 8 3 1 0 2 
8 6 3 1 0 2 

362 14870819615023189670 1 5
6 3 1 8 5 

577 15828609420889821669 6 3
0 6 9 
0 9 6 
6 0 9 
6 9 0 
9 6 0 
9 0 6 

1686 12887528994395736407 1 6
7 1 2 4 10 9 

1091 17078490903969820849 2 4
6 10 1 0 
10 6 1 0 

1348 7025238123519974264 4 4
2 6 8 10 
2 6 10 8 
6 2 8 10 
6 2 10 8 

239 283468751172893390 1 7
5 7 6 1 3 2 0 

1442 8607005597195951909 2 5
1 7 10 8 5 
7 1 10 8 5 

333 16745054588667354198 2 5
6 8 3 0 2 
8 6 3 0 2 

901 16332076262934334217 1 5
7 0 2 9 8 

360 10199520230585323513 2 4
3 6 8 5 
6 3 8 5 

673 17416643914993552505 2 4
0 7 9 5 
7 0 9 5 

706 13040469201582489813 2 4
1 9 7 6 
9 1 7 6 

165 1700726130989536146 2 4
5 7 0 2 
7 5 0 2 

1274 13083055848373159755 1 7
1 3 7 6 4 10 5 

422 9270855781575166950 1 5
7 5 8 1 2 

1682 3809058756957904801 2 5
1 7 4 10 9 
7 1 4 10 9 

573 9272915912344506824 1 6
9 5 4 0 3 2 

600 1700726130989536146 2 4
3 6 4 9 
6 3 4 9 

86 17887279683134771417 2 4
4 6 2 1 
6 4 2 1 

1195 14831138861394508341 1 6
7 10 5 1 3 0 

1174 6073254415672081597 1 5
7 1 2 4 10 

210 10813135750082221722 2 4
1 4 7 6 
4 1 7 6 

1319 2162149815452349934 2 6
8 10 5 2 0 1 
8 10 5 0 2 1 

1676 9851598862551133737 2 5
7 3 2 9 10 
7 9 10 3 2 

567 16587601357151014088 2 6
9 5 4 2 0 1 
9 5 4 0 2 1 

594 2515083834293954836 4 4
1 6 4 9 
1 6 9 4 
6 1 4 9 
6 1 9 4 

1108 10774849515392392285 2 4
2 6 4 10 
6 2 4 10 

340 17887279683134771417 2 4
2 6 4 8 
6 2 4 8 

1449 12024321381444243420 1 6
7 0 3 10 8 5 

1352 8583824903979149363 2 4
3 6 8 10 
6 3 8 10 

243 5420148286728258008 1 6
1 0 7 6 4 5 

1089 1432720219473702097 6 3
0 6 10 
0 10 6 
6 0 10 
6 10 0 
10 6 0 
10 0 6 

805 16498891397830977444 2 5
0 2 5 9 8 
2 0 5 9 8 

1346 8583824903979149363 2 4
1 6 10 8 
6 1 10 8 

237 9373330240097761451 1 6
5 6 7 2 0 3 

153 17087420761432422547 4 4
4 7 0 3 
4 7 3 0 
7 4 3 0 
7 4 0 3 

1262 14326953141778817387 2 7
7 6 10 5 1 3 2 
10 5 7 6 1 3 2 

410 8812474405142583863 1 5
7 1 3 4 8 

593 11884594621899989187 2 4
0 6 9 4 
6 0 9 4 

1702 691707013004289185 1 6
7 1 2 10 9 5 

626 936371888784041106 2 5
1 6 5 9 4 
6 1 5 9 4 

342 1388894099151690725 2 5
6 2 1 4 8 
6 4 8 2 1 

1294 5524406021914003508 4 5
8 10 3 1 2 
8 10 1 3 2 
10 8 3 1 2 
10 8 1 3 2 

185 8958340502831256038 1 5
7 0 3 5 4 

929 13375351398571133134 2 5
0 7 9 5 8 
7 0 9 5 8 

388 3105999678728868117 6 3
2 7 8 
2 8 7 
7 2 8 
7 8 2 
8 7 2 
8 2 7 

612 5834067585767851843 2 4
2 6 5 9 
6 2 5 9 

1153 8458325865589082412 6 3
0 7 10 
0 10 7 
7 0 10 
7 10 0 
10 7 0 
10 0 7 

328 15872179058582409548 6 3
3 6 8 
3 8 6 
6 3 8 
6 8 3 
8 6 3 
8 3 6 

1410 8972643215264735781 2 4
1 7 10 8 
7 1 10 8 

301 7670362491278041661 2 5
5 8 0 3 2 
8 5 0 3 2 

401 2890286143390050980 2 4
0 7 8 4 
7 0 8 4 

404 252477785108711452 2 4
2 7 8 4 
7 2 8 4 

147 10813135750082221722 2 4
4 7 1 0 
7 4 1 0 

150 4158388212714912713 2 4
4 7 1 2 
7 4 1 2 

1259 5713215289675601334 2 7
7 6 10 5 1 3 0 
10 5 7 6 1 3 0 

123 468065071114227511 1 6
6 5 4 1 3 0 

664 14414553977092514251 2 4
3 7 9 4 
7 3 9 4 

1476 10638363428540447328 1 5
2 10 8 7 6 

367 14598476999969083195 1 7
6 8 5 3 1 2 0 

394 18106221938534891228 2 4
7 8 3 1 
8 7 3 1 

1697 1063550681957820283 2 5
0 7 9 10 5 
7 0 9 10 5 

1156 5965913534527510494 6 3
2 7 10 
2 10 7 
7 2 10 
7 10 2 
10 7 2 
10 2 7 

385 10645028491701533067 6 3
0 7 8 
0 8 7 
7 0 8 
7 8 0 
8 7 0 
8 0 7 

1162 8972643215264735781 2 4
7 10 1 3 
10 7 1 3 

1473 12843161898572205880 1 5
0 10 8 7 6 

364 15474050610600197653 1 5
6 8 5 3 2 

932 3482292584151848237 2 5
2 7 5 9 8 
7 2 5 9 8 

391 18016275307638984296 2 5
7 8 2 0 1 
8 7 2 0 1 

1171 10711792327437936048 1 5
7 1 0 4 10 

89 12403500082095049094 2 4
4 6 3 0 
6 4 3 0 

1198 11613148707838947810 1 6
7 10 5 1 3 2 

1428 7773883416869191850 2 5
2 7 10 8 4 
7 2 10 8 4 

319 16923440819056987483 2 7
5 8 4 3 1 0 2 
8 5 4 3 1 0 2 

346 12237152707301089376 1 5
6 3 1 8 4 

216 7860549334651674947 2 4
3 4 6 7 
4 3 6 7 

1325 11198194692030550103 1 6
8 10 5 0 3 2 

354 17485282006998356996 2 4
1 6 5 8 
6 1 5 8 

641 8745708257830378726 6 3
0 7 9 
0 9 7 
7 0 9 
7 9 0 
9 7 0 
9 0 7 

100 4678202216698600005 6 3
2 5 6 
2 6 5 
5 2 6 
5 6 2 
6 5 2 
6 2 5 

1209 2083162951526290893 1 6
7 0 3 10 4 5 

898 13040469201582489813 2 4
1 7 9 8 
7 1 9 8 

357 17737824237587518233 1 5
6 5 8 2 0 

1137 9785081722494004834 2 5
0 6 10 4 5 
6 0 10 4 5 

596 11884594621899989187 2 4
2 6 4 9 
6 2 4 9 

1705 2247987145711710956 1 6
7 0 3 9 10 5 

345 91028332943022554 1 5
6 3 0 8 4 

610 4794953108099083952 2 4
1 6 5 9 
6 1 5 9 

353 14780842317445826173 4 4
0 6 5 8 
0 6 8 5 
6 0 5 8 
6 0 8 5 

897 3867368331386645121 2 4
0 7 9 8 
7 0 9 8 

356 11265605236969971675 2 4
2 6 5 8 
6 2 5 8 

643 10532941525900302809 2 4
7 9 0 1 
9 7 0 1 

1752 9373330240097761451 1 6
3 7 6 9 4 10 

102 946703264691336451 2 4
5 6 2 1 
6 5 2 1 

1211 6922739827281300767 1 7
7 1 3 0 4 10 5 

1157 2793395364612677838 2 4
7 10 0 2 
10 7 0 2 

616 2189848660886962676 4 4
3 6 5 9 
3 6 9 5 
6 3 5 9 
6 3 9 5 

387 2890286143390050980 2 4
7 8 0 1 
8 7 0 1 

1496 4439271311977018565 1 6
3 6 7 8 10 4 

617 8964206133659064768 1 5
6 9 5 0 3 

1158 467290663436287146 2 4
7 10 1 2 
10 7 1 2 

590 4371450033458042159 4 5
6 9 3 1 2 
6 9 1 3 2 
9 6 3 1 2 
9 6 1 3 2 

1699 9015338220802940976 1 6
7 0 1 9 10 5 

1672 3200740057765086974 2 4
3 7 9 10 
7 3 9 10 

710 265310725592418254 2 5
9 7 6 1 2 
9 1 2 7 6 

169 12403500082095049094 2 4
5 7 0 3 
7 5 0 3 

1166 7215384354015411185 2 5
7 10 1 3 2 
10 7 1 3 2 

625 14785910398050091237 2 5
0 6 9 5 4 
6 0 9 5 4 

1734 2512211940551009048 1 6
1 2 7 6 10 9 

1112 12403500082095049094 2 4
3 6 4 10 
6 3 4 10 

341 16832031686870619660 1 5
6 2 0 4 8 

1450 8974456589533708470 1 6
7 1 3 10 8 5 

1426 1723533459725827489 2 5
1 7 4 10 8 
7 1 4 10 8 

317 10803582728946520613 2 6
5 8 4 0 3 2 
8 5 4 0 3 2 

344 17078490903969820849 2 4
3 6 8 4 
6 3 8 4 

1172 6822707213643579059 2 4
2 7 10 4 
7 2 10 4 

90 13465768997007542525 2 4
4 6 3 1 
6 4 3 1 

1199 14253684916441199963 1 7
7 10 5 1 3 0 2 

690 7688078651851296823 2 5
1 7 4 9 5 
7 1 4 9 5 

1799 15811389364232349052 4 6
8 10 9 0 2 1 
8 10 9 2 0 1 
10 8 9 2 0 1 
10 8 9 0 2 1 

149 9379469496867282872 2 4
4 7 2 0 
7 4 2 0 

1258 5041440521763457679 2 6
1 3 7 6 10 5 
1 3 10 5 7 6 

406 18304298696346656648 1 5
7 4 8 1 2 

1045 10415946831360981699 4 4
4 10 0 2 
4 10 2 0 
10 4 2 0 
10 4 0 2 

537 10415946831360981699 4 4
0 3 4 9 
0 3 9 4 
3 0 4 9 
3 0 9 4 

156 1752119027368506549 2 4
4 7 2 3 
7 4 2 3 

1265 8896204259837581087 1 6
0 7 6 10 4 5 

609 6056215760457113987 2 4
0 6 9 5 
6 0 9 5 

228 3200740057765086974 2 4
2 5 6 7 
5 2 6 7 

1337 92969497054950275 2 6
0 3 8 10 5 4 
3 0 8 10 5 4 

642 7022122597803570193 6 3
1 7 9 
1 9 7 
7 1 9 
7 9 1 
9 7 1 
9 1 7 

101 14414553977092514251 2 4
5 6 2 0 
6 5 2 0 

1210 8198718485286038123 1 6
7 1 3 4 10 5 

899 10671557854821804941 1 5
7 9 8 0 1 

358 8064430217710693163 1 5
6 5 8 2 1 

1196 10079085783794763211 2 5
7 2 3 10 5 
7 10 5 2 3 

87 6025599525737931072 2 5
4 6 2 0 1 
6 4 2 0 1 

114 16915825558928311941 2 4
1 6 5 4 
6 1 5 4 

1223 17467733693511266021 1 6
10 7 6 1 0 2 

1190 15002798942757363749 1 5
7 1 2 10 5 

649 6358971126818167997 2 4
7 9 0 3 
9 7 0 3 

108 3200740057765086974 2 4
5 6 2 3 
6 5 2 3 

1217 9086193796973960616 2 4
0 10 7 6 
10 0 7 6 

226 5912540226525049552 2 4
1 5 7 6 
5 1 7 6 

1202 18269379456270862080 2 5
1 7 4 10 5 
7 1 4 10 5 

93 2596009493903088622 2 5
4 6 3 0 2 
6 4 3 0 2 

661 240109834363267615 2 5
7 0 2 9 4 
7 9 4 0 2 

120 7860549334651674947 2 4
3 6 4 5 
6 3 4 5 

1229 11567148838539325743 1 6
10 7 6 0 2 3 

424 17485282006998356996 2 4
3 7 8 5 
7 3 8 5 

1249 15973633234514502101 2 5
0 7 6 10 5 
0 10 5 7 6 

167 6481925661325170865 2 5
5 7 1 0 2 
7 5 1 0 2 

1276 993005734721027690 1 7
2 3 6 7 5 10 4 

1252 9851598862551133737 2 5
2 5 10 6 7 
2 6 7 5 10 

170 8583824903979149363 2 4
5 7 1 3 
7 5 1 3 

657 15108104978102404983 2 4
0 7 9 4 
7 0 9 4 

408 16915825558928311941 2 4
3 7 8 4 
7 3 8 4 

1233 13051113628597485537 1 5
0 10 4 7 6 

124 18118709129260570969 1 5
6 2 3 5 4 

692 10256897132603929121 2 5
2 7 9 5 4 
7 2 9 5 4 

1801 13031477392217829526 4 5
0 3 8 10 9 
0 3 10 8 9 
3 0 8 10 9 
3 0 10 8 9 

151 15502941180755318660 2 5
4 7 1 2 0 
7 4 1 2 0 

1260 16721858763563716536 2 6
2 3 5 10 6 7 
2 3 6 7 5 10 

1236 13217775813614850338 1 5
2 10 4 7 6 

127 13380952504916007853 1 7
6 5 4 1 3 2 0 

154 2344244069531042810 2 4
4 7 1 3 
7 4 1 3 

674 7915831948046304750 2 4
1 7 9 5 
7 1 9 5 

417 14045540474540193079 2 4
0 7 5 8 
7 0 5 8 

647 3506772744602439529 2 5
7 9 0 1 2 
9 7 0 1 2 

106 18106221938534891228 2 4
5 6 1 3 
6 5 1 3 

1188 7272350682412212971 2 4
2 7 10 5 
7 2 10 5 

961 14322688446495173735 1 5
0 7 6 9 8 

420 13053949811856572012 2 4
2 7 8 5 
7 2 8 5 

163 17078490903969820849 2 4
5 7 1 0 
7 5 1 0 

1272 15473221710307953385 1 6
3 6 7 4 10 5 

293 14614866874141678239 4 4
5 8 0 2 
5 8 2 0 
8 5 2 0 
8 5 0 2 

225 7860549334651674947 2 4
0 5 7 6 
5 0 7 6 

177 7860549334651674947 2 4
0 7 5 4 
7 0 5 4 

721 4190650343247945452 1 5
0 9 4 7 6 

180 1752119027368506549 2 4
2 7 4 5 
7 2 4 5 

1289 795048986916246841 4 4
8 10 0 3 
8 10 3 0 
10 8 3 0 
10 8 0 3 

1921 3490511959848242819 2 5
0 7 9 10 8 
7 0 9 10 8 

1380 2768851104021079798 2 5
2 6 8 10 5 
6 2 8 10 5 

298 12255380005644742829 4 4
1 3 5 8 
1 3 8 5 
3 1 5 8 
3 1 8 5 

1097 12403500082095049094 2 4
6 10 0 3 
10 6 0 3 

1414 11063234284599742251 1 5
7 10 8 1 2 

1050 795048986916246841 4 4
1 3 4 10 
1 3 10 4 
3 1 4 10 
3 1 10 4 

553 4142934094814681931 4 4
5 9 0 3 
5 9 3 0 
9 5 3 0 
9 5 0 3 

1094 15921278161905006561 2 4
6 10 1 2 
10 6 1 2 

557 6123464731649873772 2 5
5 9 0 3 2 
9 5 0 3 2 

1666 6149773818396269592 2 4
1 7 10 9 
7 1 10 9 

1098 8583824903979149363 2 4
6 10 1 3 
10 6 1 3 

1105 12403500082095049094 2 4
0 6 10 4 
6 0 10 4 

1416 18106221938534891228 2 4
3 7 8 10 
7 3 8 10 

334 12791060465784877876 2 5
6 8 3 1 2 
8 6 3 1 2 

1443 6711199361758052417 1 6
7 1 0 10 8 5 

1121 7860549334651674947 2 4
0 6 10 5 
6 0 10 5 

1106 11101093605965444628 2 4
1 6 10 4 
6 1 10 4 

1049 6039547323754477344 8 4
0 3 4 10 
0 3 10 4 
3 0 4 10 
3 0 10 4 
4 10 0 3 
4 10 3 0 
10 4 3 0 
10 4 0 3 

581 11884594621899989187 2 4
6 9 0 2 
9 6 0 2 

1690 7374091530571627257 1 6
7 1 3 4 10 9 

1122 5912540226525049552 2 4
1 6 10 5 
6 1 10 5 

1176 17087420761432422547 4 4
3 7 4 10 
3 7 10 4 
7 3 4 10 
7 3 10 4 

94 14039555344384708949 2 5
4 6 3 1 2 
6 4 3 1 2 

1203 5023798752281089800 1 6
7 1 0 4 10 5 

628 9144769940021913769 2 5
2 6 5 9 4 
6 2 5 9 4 

1737 7386573048562696620 1 6
7 6 0 3 9 10 

1169 8135786519864441783 2 4
0 7 10 4 
7 0 10 4 

1480 7250286865385132093 1 5
3 8 10 6 7 

371 5175805989586355904 1 6
6 1 0 5 8 4 

398 10063952878987305545 2 5
7 8 3 1 2 
8 7 3 1 2 

103 7336308653631766349 2 5
5 6 2 1 0 
6 5 2 1 0 

1212 15062739769941336323 1 6
7 2 3 10 4 5 

1185 9086193796973960616 2 4
0 7 10 5 
7 0 10 5 

157 11500479576695827633 2 5
4 7 0 3 2 
7 4 0 3 2 

1266 7049286774832890573 1 6
1 7 6 4 10 5 

88 1432720219473702097 6 3
3 4 6 
3 6 4 
4 3 6 
4 6 3 
6 4 3 
6 3 4 

1197 11567148838539325743 1 6
7 10 5 0 2 3 

1170 17425253353286105553 2 4
1 7 4 10 
7 1 4 10 

645 15108104978102404983 2 4
7 9 0 2 
9 7 0 2 

1186 14531502402625855548 2 4
1 7 10 5 
7 1 10 5 

1240 8958340502831256038 1 5
3 4 10 6 7 

158 3406300114642415148 2 5
4 7 1 3 2 
7 4 1 3 2 

1267 16465549299661789733 1 7
1 0 7 6 4 10 5 

676 2189848660886962676 4 4
2 7 5 9 
2 7 9 5 
7 2 5 9 
7 2 9 5 

677 7268630945902497680 1 5
7 9 5 0 2 

1218 14531502402625855548 2 4
1 10 7 6 
10 1 7 6 

109 5688701369237153528 2 5
5 6 2 0 3 
6 5 2 0 3 

1345 13465768997007542525 2 4
0 6 10 8 
6 0 10 8 

236 12333806618809233336 2 5
5 2 3 6 7 
5 6 7 2 3 

1602 15921278161905006561 2 4
1 6 10 9 
6 1 10 9 

493 8838042325723396144 1 7
6 7 8 5 3 2 0 

744 12483974263121418195 1 5
3 9 5 7 6 

1285 12712333891573540035 4 4
8 10 0 2 
8 10 2 0 
10 8 2 0 
10 8 0 2 

1290 12953307859053565004 8 4
1 3 8 10 
1 3 10 8 
3 1 8 10 
3 1 10 8 
8 10 1 3 
8 10 3 1 
10 8 3 1 
10 8 1 3 

181 13814312215296200213 1 5
7 0 2 5 4 

868 15825962288654073225 2 5
2 6 5 9 8 
6 2 5 9 8 

327 9936687517759884729 4 5
6 8 2 0 1 
6 8 0 2 1 
8 6 2 0 1 
8 6 0 2 1 

1436 15820489023357906663 1 6
7 2 3 10 8 4 

1409 8191002849916456234 2 4
0 7 10 8 
7 0 10 8 

1125 10513770836867850117 1 5
6 2 0 5 10 

665 519493651918392804 1 5
7 9 4 0 3 

1601 9065658372375073219 2 4
0 6 10 9 
6 0 10 9 

492 3958714568217110652 1 6
6 7 8 5 3 2 

583 6025599525737931072 2 5
6 9 0 2 1 
9 6 0 2 1 

1692 18035977217256311013 1 6
7 3 2 9 10 4 

1124 3200740057765086974 2 4
2 6 5 10 
6 2 5 10 

1665 4131136600136054039 2 4
0 7 9 10 
7 0 9 10 

115 13330107374337616242 2 5
6 1 0 5 4 
6 5 4 1 0 

913 1464314248835027200 2 5
0 7 9 8 4 
7 0 9 8 4 

372 18121881615977562600 2 5
2 6 5 8 4 
6 2 5 8 4 

1481 14488631364765676365 1 6
8 10 3 0 6 7 

1732 10079085783794763211 2 5
2 7 6 10 9 
2 10 9 7 6 

623 10713477333569636832 1 7
6 5 9 1 3 2 0 

650 18104135378032474854 2 4
7 9 1 3 
9 7 1 3 

658 16607275703909962680 2 4
1 7 4 9 
7 1 4 9 

1173 1905688527188031286 1 5
7 10 4 0 2 

632 5255616135130703670 2 5
3 6 9 5 4 
6 3 9 5 4 

91 15548420872539887482 2 5
4 6 3 1 0 
6 4 3 1 0 

348 17699406282865704640 1 5
6 3 2 8 4 

1457 13165457128757010518 2 6
0 7 10 8 5 4 
7 0 10 8 5 4 

1730 8532466630873073617 1 5
1 7 6 10 9 

621 8082924887833123696 1 6
6 5 9 2 0 3 

1189 4908341224585185950 1 5
7 10 5 0 2 

648 4678202216698600005 6 3
3 7 9 
3 9 7 
7 3 9 
7 9 3 
9 7 3 
9 3 7 

107 10575824157525323121 2 5
5 6 1 3 0 
6 5 1 3 0 

905 8975633699949776952 1 5
7 9 8 0 3 

659 15858567136242148274 1 5
7 1 0 4 9 

1768 15616141116835099293 1 6
3 7 6 9 5 10 

118 13921326773104976332 1 5
6 5 4 2 1 

1227 14831138861394508341 1 6
10 7 6 1 3 0 

651 5192129136565439488 2 5
7 9 0 1 3 
9 7 0 1 3 

662 11563744844839778611 1 5
7 1 2 4 9 

121 8958340502831256038 1 5
6 3 0 4 5 

1230 11613148707838947810 1 6
10 7 6 1 3 2 

122 962773983362037732 1 5
6 1 3 5 4 

1231 14253684916441199963 1 7
10 7 6 1 3 0 2 

714 2333399425965288392 1 5
9 1 3 7 6 

173 5172967123309935137 2 5
5 7 0 3 2 
7 5 0 3 2 

696 3127348391025014278 2 5
3 7 9 5 4 
7 3 9 5 4 

1805 2227195175940663565 2 6
8 10 9 0 3 2 
10 8 9 0 3 2 

155 13947467844763126254 2 5
4 7 1 3 0 
7 4 1 3 0 

412 4213619249645730976 1 5
7 8 4 3 2 

722 976172624732525379 1 5
1 7 6 4 9 

1802 5524406021914003508 4 5
1 3 8 10 9 
1 3 10 8 9 
3 1 8 10 9 
3 1 10 8 9 

693 12885127954932815080 1 6
7 0 2 9 5 4 

179 1877014017780647557 1 5
7 1 0 4 5 

1797 4085351278164353384 4 5
0 2 8 10 9 
0 2 10 8 9 
2 0 8 10 9 
2 0 10 8 9 

174 12791060465784877876 2 5
5 7 1 3 2 
7 5 1 3 2 

712 3200740057765086974 2 4
3 9 7 6 
9 3 7 6 

171 1763043509651795771 2 5
5 7 1 3 0 
7 5 1 3 0 

188 10355236353892996000 2 5
7 4 5 2 3 
7 2 3 4 5 

217 8958340502831256038 1 5
4 3 0 6 7 

1326 8103444849466731428 2 6
8 10 5 3 1 2 
8 10 5 1 3 2 

214 16295892628237658423 1 5
4 7 6 1 2 

1323 5160609331616173838 1 6
8 10 5 3 1 0 

186 12239054014988476290 1 5
7 1 3 4 5 

1295 1045322314881229658 2 6
8 10 3 1 0 2 
10 8 3 1 0 2 

220 15173478572888977708 1 5
4 6 7 3 2 

1293 17483182766039722921 2 5
8 10 0 3 2 
10 8 0 3 2 

211 9071686258955056856 2 5
4 1 0 7 6 
4 7 6 1 0 

229 10513770836867850117 1 5
5 2 0 6 7 

1338 1667560702354354205 2 6
1 3 8 10 5 4 
3 1 8 10 5 4 

230 9398814121384522797 1 5
5 1 2 7 6 

218 9913110453985310902 1 5
4 1 3 7 6 

233 8958340502831256038 1 5
5 0 3 7 6 

1857 14039555344384708949 2 5
0 6 10 8 9 
6 0 10 8 9 

748 7412920200470680769 4 6
5 9 7 6 3 2 
5 9 3 2 7 6 
9 5 6 7 2 3 
9 5 2 3 6 7 

234 7250286865385132093 1 5
5 1 3 7 6 

1864 12791060465784877876 2 5
3 6 8 10 9 
6 3 8 10 9 

755 9977259560474963758 1 7
7 6 1 0 4 9 5 

227 1857296416652054880 1 5
5 1 0 7 6 

242 12185292824892647568 1 5
1 7 6 4 5 

1351 15789495344061972837 1 6
6 10 8 1 0 2 

789 6157756430126456764 4 5
0 2 4 9 8 
0 2 9 4 8 
2 0 4 9 8 
2 0 9 4 8 

248 17104469326516744006 2 5
3 4 5 6 7 
3 6 7 4 5 

1357 2024917900184200595 1 6
6 8 10 3 0 2 

1377 15633190353100380685 2 5
0 6 8 10 5 
6 0 8 10 5 

295 1012475211125727430 4 5
5 8 2 0 1 
5 8 0 2 1 
8 5 2 0 1 
8 5 0 2 1 

1924 12559993687172316898 2 5
2 7 10 8 9 
7 2 10 8 9 

815 10606517064296288445 1 7
5 9 8 3 1 0 2 

842 11980933998515745426 1 5
6 3 1 8 9 

1384 17861256210171651042 2 5
3 6 8 10 5 
6 3 8 10 5 

850 9936687517759884729 4 5
1 6 4 9 8 
1 6 9 4 8 
6 1 4 9 8 
6 1 9 4 8 

314 17452837960311343259 4 5
1 3 5 8 4 
1 3 8 5 4 
3 1 5 8 4 
3 1 8 5 4 

1413 3396990663996500551 1 5
7 10 8 0 2 

872 7058559221108224741 2 5
3 6 8 5 9 
6 3 8 5 9 

331 1916379788266846375 2 5
6 8 3 1 0 
8 6 3 1 0 

1922 3374602740372844155 2 5
1 7 10 9 8 
7 1 10 9 8 

813 4918966660592235695 1 6
5 9 8 0 3 2 

840 15921278161905006561 2 4
3 6 8 9 
6 3 8 9 

299 5323304166625314591 2 5
5 8 3 1 0 
8 5 3 1 0 

313 13876779781174096906 4 5
0 3 5 8 4 
0 3 8 5 4 
3 0 5 8 4 
3 0 8 5 4 

1422 16454215274242378031 1 6
7 10 8 1 3 2 

902 12019209956714264223 2 5
7 1 2 9 8 
7 9 8 1 2 

361 7200285560551993657 1 5
6 8 5 3 0 

370 13022397277119952093 2 5
1 6 5 8 4 
6 1 5 8 4 

369 8150988943056929179 4 5
0 6 5 8 4 
0 6 8 5 4 
6 0 5 8 4 
6 0 8 5 4 

1478 12412748523480142087 1 6
10 8 1 2 7 6 

376 1339221828336898534 2 5
3 6 8 5 4 
6 3 8 5 4 

397 17781243378728085098 2 5
7 8 3 2 0 
8 7 3 2 0 

1506 1479225680484793938 1 6
1 7 6 10 8 5 

409 10473006931593058696 1 5
7 3 0 8 4 

962 265310725592418254 2 5
1 7 6 9 8 
1 9 8 7 6 

421 8634196515946614567 1 5
7 8 5 2 0 

190 16947857837652123678 1 6
7 4 5 1 3 2 

215 2019275046113028509 1 6
4 7 6 1 2 0 

219 18285108540400527080 1 6
4 7 6 1 3 0 

221 5116910814492371613 1 6
4 6 7 3 0 2 

222 15323576157074161922 1 6
4 7 6 1 3 2 

231 4653536839399552879 1 6
5 7 6 1 2 0 

235 4439271311977018565 1 6
5 7 6 1 3 0 

246 3377600952076268458 1 6
1 2 7 6 4 5 

1355 6233101112775636024 1 6
6 10 8 3 1 0 

250 9869723684243123982 1 6
1 3 7 6 4 5 

315 5491527977413419081 2 6
3 1 0 5 8 4 
3 1 0 8 5 4 

249 1619331279420074205 4 6
0 3 4 5 6 7 
0 3 6 7 4 5 
3 0 5 4 7 6 
3 0 7 6 5 4 

1358 10116205318590734417 2 6
6 8 10 1 3 2 
6 10 8 3 1 2 

343 6972997026306244293 1 6
6 4 8 2 0 1 

1452 13117493455009660630 1 6
7 2 3 10 8 5 

318 9145411429497295260 4 6
1 3 2 5 8 4 
1 3 2 8 5 4 
3 1 2 5 8 4 
3 1 2 8 5 4 

1427 11084508931347031298 1 6
7 1 0 4 10 8 

347 8615498088018427522 1 6
6 8 4 3 1 0 

349 9934916938237443731 1 6
6 8 4 3 0 2 

1458 7013463325314246794 2 6
1 7 4 10 8 5 
7 1 4 10 8 5 

350 265255824446843129 1 6
6 8 4 3 1 2 

359 15869828250955464725 1 6
6 5 8 2 1 0 

363 45651800774141912 1 6
6 8 5 3 1 0 

366 6036137028730509295 1 6
6 8 5 3 1 2 

1475 548943869575784760 1 6
10 8 1 0 7 6 

374 13138878744574689770 1 6
6 2 1 5 8 4 

373 8950971448929600996 1 6
6 2 0 5 8 4 

1482 4152389897158260807 2 6
1 3 10 8 7 6 
10 8 1 3 7 6 

377 7179975719994750970 1 6
6 3 0 8 5 4 

380 13602015251647514443 1 6
6 3 2 8 5 4 

1489 4714938024432077265 1 6
0 7 6 10 8 4 

378 4159156752321621169 1 6
6 3 1 8 5 4 

407 2882631988084112252 1 6
7 4 8 1 2 0 

411 5005015257754214419 1 6
7 4 8 1 3 0 

399 1182925515098968402 2 6
7 8 3 1 2 0 
8 7 3 1 2 0 

1508 5711031894529413849 1 6
2 6 7 10 8 5 

413 6321198231418506694 1 6
7 8 4 3 2 0 

414 4069969726197854493 1 6
7 4 8 1 3 2 

423 4044967988066256304 1 6
7 5 8 1 2 0 

427 18184904836223697046 1 6
7 5 8 1 3 0 

435 698238292716066751 1 6
7 1 0 4 5 8 

430 1530204762704818304 1 6
7 5 8 1 3 2 

429 15140307774123445812 1 6
7 8 5 3 2 0 

438 4892150413713890391 1 6
7 1 2 4 5 8 

437 296749628312723368 1 6
7 2 0 8 5 4 

444 7884417422317153311 1 6
7 3 2 8 5 4 

455 17836980468077979220 1 6
8 7 6 2 0 1 

441 558715513928564823 1 6
7 3 0 8 5 4 

442 7644091841296501617 1 6
7 1 3 4 5 8 

462 7301110293412403758 1 6
8 6 7 3 1 2 

459 7486306448018323892 1 6
8 6 7 3 1 0 

467 15861028579935566527 2 6
7 6 4 8 1 0 
7 6 1 0 4 8 

461 6955392760495110453 1 6
8 6 7 3 2 0 

470 10624086728901469479 1 6
7 6 4 8 1 2 

1579 3831130815627540241 2 6
3 1 0 5 9 10 
3 1 0 9 5 10 

476 10981322624791435600 1 6
8 4 3 2 6 7 

473 10219809863068682560 1 6
3 0 8 4 6 7 

1582 14515931658042368136 4 6
1 3 2 5 9 10 
1 3 2 9 5 10 
3 1 2 5 9 10 
3 1 2 9 5 10 

474 16868319767894185579 1 6
1 3 7 6 4 8 

486 681078668284365635 1 6
5 8 1 2 7 6 

483 6536889180981156703 1 6
5 8 1 0 7 6 

485 13221751575015470156 1 6
5 8 2 0 6 7 

1594 10657561680703285642 2 6
1 3 9 5 4 10 
3 1 9 5 4 10 

489 14117456200722508416 1 6
8 5 3 0 6 7 

498 8190214072799012944 1 6
1 7 6 4 5 8 

1607 3740261869807651883 1 6
6 10 9 1 0 2 

504 10039617029410386092 1 6
3 6 7 8 5 4 

1613 1416008171446169777 1 6
6 10 9 0 3 2 

490 14983145596329852490 2 6
1 3 8 5 6 7 
3 1 5 8 7 6 

543 10638014861422108435 2 6
4 9 3 1 0 2 
9 4 3 1 0 2 

1652 16497653566608630795 2 6
2 6 5 9 4 10 
6 2 5 9 4 10 

571 14249162279514982337 1 6
3 1 0 9 5 4 

574 2255725357737885285 2 6
1 3 2 9 5 4 
3 1 2 9 5 4 

1683 11282158481186670238 1 6
7 1 0 4 9 10 

603 11554364164885289816 1 6
6 4 9 3 1 0 

599 13320019623055181638 2 6
6 4 9 0 2 1 
6 9 4 2 0 1 

1708 1604325052576990773 1 6
7 3 2 9 5 10 

605 6539926622318501342 1 6
6 4 9 3 0 2 

1714 5667838210182555892 2 6
1 7 4 10 9 5 
7 1 4 10 9 5 

606 13779272358310537932 1 6
6 4 9 3 1 2 

615 5543470696226830854 1 6
6 5 9 2 1 0 

622 8591928942866541692 1 6
6 5 9 1 3 2 

1731 4904683403754346511 1 6
7 6 9 10 0 1 

619 4418397478270837747 1 6
6 5 9 1 3 0 

630 12487810726590976929 1 6
6 2 1 5 9 4 

629 3071598324018777379 1 6
6 2 0 5 9 4 

1738 10624821938770732357 1 6
1 3 7 6 10 9 

633 14461613192810417907 1 6
6 3 0 9 5 4 

634 4997257995420550988 1 6
6 1 3 5 9 4 

636 7975063201328133412 1 6
6 2 3 5 9 4 

1745 2056077340459781376 1 6
0 7 6 9 10 4 

663 13721528270291308958 1 6
7 4 9 1 0 2 

655 9738263622409382816 2 6
7 9 0 1 3 2 
9 7 0 1 3 2 

1764 1604325052576990773 1 6
2 6 7 5 9 10 

670 6240943998991349795 1 6
7 4 9 1 3 2 

669 16968575759993444322 1 6
7 9 4 0 3 2 

667 7018222397438630459 1 6
7 4 9 1 0 3 

679 5597384632504739667 1 6
7 9 5 0 1 2 

683 7241265970220170081 1 6
7 9 5 0 1 3 

685 5938319160874673370 1 6
7 9 5 0 3 2 

686 1000259133606406676 1 6
7 9 5 1 3 2 

691 14601893286980432121 1 6
7 1 0 4 9 5 

711 3360012742993216024 1 6
9 7 6 0 1 2 

700 7889345697534470395 1 6
7 3 2 9 5 4 

694 17319441042344396062 1 6
7 1 2 4 9 5 

1803 4108072435186342751 2 6
3 1 0 8 10 9 
3 1 0 10 8 9 

718 5380518008333576508 1 6
9 7 6 1 3 2 

697 13957980882953472166 1 6
7 0 3 9 5 4 

1806 10190875521699570670 8 6
1 3 2 8 10 9 
1 3 2 10 8 9 
3 1 2 8 10 9 
3 1 2 10 8 9 
8 10 9 1 3 2 
8 10 9 3 1 2 
10 8 9 3 1 2 
10 8 9 1 3 2 

698 2629163752187683761 1 6
7 1 3 4 9 5 

717 5690899337615604749 1 6
9 7 6 0 3 2 

715 17939354108797999884 1 6
9 7 6 0 1 3 

723 13394858978037397848 1 6
7 6 1 0 4 9 

726 8230658425001623421 1 6
7 6 1 2 4 9 

732 2876348799281686340 1 6
3 2 7 6 9 4 

729 14079704918422065526 1 6
9 4 7 6 0 3 

730 10777807147913524859 1 6
1 3 7 6 4 9 

739 10580265719202604 1 6
7 6 9 5 0 1 

742 1203036137753766622 1 6
1 2 7 6 9 5 

741 6944167594581125961 1 6
9 5 0 2 7 6 

725 15123415485160998218 2 6
7 6 0 2 9 4 
7 6 9 4 0 2 

1834 16006577672925056329 2 6
1 3 8 10 5 9 
3 1 8 10 5 9 

745 4980091800554615091 1 6
9 5 7 6 0 3 

746 10097947473047715813 1 6
1 3 7 6 9 5 

753 13329683684836191934 1 6
0 7 6 9 5 4 

1862 14314744656373351788 1 6
6 1 2 10 8 9 

756 12673633206467709731 1 6
2 6 7 5 9 4 

1865 9053532329048259027 1 6
6 3 0 8 10 9 

754 12705434873110862555 1 6
1 7 6 4 9 5 

760 13913465144915301660 1 6
3 7 6 9 5 4 

795 704827895589442083 2 6
3 1 0 4 9 8 
3 1 0 9 4 8 

797 16339845621466918129 2 6
0 3 2 4 9 8 
0 3 2 9 4 8 

798 15811389364232349052 4 6
1 3 2 4 9 8 
1 3 2 9 4 8 
3 1 2 4 9 8 
3 1 2 9 4 8 

807 1430484140499983705 2 6
5 9 8 0 2 1 
5 9 8 2 0 1 

791 16665713692450677417 8 6
0 2 1 4 9 8 
0 2 1 9 4 8 
2 0 1 4 9 8 
2 0 1 9 4 8 
4 9 8 0 2 1 
4 9 8 2 0 1 
9 4 8 2 0 1 
9 4 8 0 2 1 

811 4837558175296767137 1 6
3 1 0 5 9 8 

839 6972997026306244293 1 6
6 9 8 0 2 1 

814 1325745770024461257 2 6
1 3 2 5 9 8 
3 1 2 5 9 8 

1923 10156482792044330453 1 6
7 0 1 9 10 8 

821 7832625979205252913 2 6
0 2 5 9 8 4 
2 0 5 9 8 4 

1930 16689688260714516486 1 6
7 1 3 10 9 8 

843 15789682272084815674 1 6
6 8 9 3 1 0 

825 3934973185944588251 2 6
0 3 5 9 8 4 
3 0 5 9 8 4 

826 13221232252169855592 2 6
1 3 5 9 8 4 
3 1 5 9 8 4 

846 14314744656373351788 1 6
6 8 9 3 1 2 

851 6972997026306244293 1 6
6 0 1 9 4 8 

1960 7951745648457812606 2 6
3 7 8 10 9 5 
7 3 8 10 9 5 

845 11876045046043528142 1 6
6 8 9 3 0 2 

1954 3255267359055552744 2 6
1 7 10 9 8 5 
7 1 10 9 8 5 

854 6972997026306244293 1 6
6 2 1 4 9 8 

857 8025858045616766524 1 6
6 3 0 8 4 9 

853 13320019623055181638 2 6
6 2 0 9 4 8 
6 0 2 4 9 8 

858 15789495344061972837 1 6
6 3 1 8 4 9 

860 3740261869807651883 1 6
6 3 2 8 4 9 

867 14067232415677688559 1 6
6 1 0 5 9 8 

870 5540699164988983746 1 6
6 2 1 5 9 8 

869 7663499602848865354 1 6
6 2 0 5 9 8 

876 11242092744568406930 1 6
6 3 2 8 5 9 

1985 13524012949955764949 1 6
0 7 6 9 10 8 

873 17808542816344632020 1 6
6 3 0 8 5 9 

874 515780601374669489 1 6
6 3 1 8 5 9 

881 5054173864236390195 2 6
0 6 5 9 8 4 
6 0 5 9 8 4 

882 5078765379357250792 2 6
1 6 5 9 8 4 
6 1 5 9 8 4 

903 4480131404398942472 1 6
7 9 8 0 1 2 

888 15946169698189784695 2 6
3 6 8 5 9 4 
6 3 8 5 9 4 

884 8043189913045167111 2 6
2 6 5 9 8 4 
6 2 5 9 8 4 

910 17417384247895513979 1 6
7 9 8 1 3 2 

907 12844963254435084730 1 6
7 9 8 0 1 3 

915 5718283920690495950 1 6
7 1 0 4 9 8 

909 12953399186946356159 1 6
7 9 8 0 3 2 

917 17433756090784241464 1 6
7 0 2 9 8 4 

918 10452095268055101647 1 6
7 1 2 4 9 8 

921 12933924347500244159 1 6
7 0 3 9 8 4 

924 10983778445359637295 1 6
7 3 2 9 8 4 

922 7579685633142886319 1 6
7 1 3 4 9 8 

931 13057847450449428676 1 6
7 0 1 9 5 8 

934 9303509368167698413 1 6
7 1 2 9 5 8 

933 1338846109852972040 1 6
7 0 2 9 5 8 

940 16553693877334925426 1 6
7 3 2 9 5 8 

938 4812693889880925277 1 6
7 1 3 9 5 8 

937 17363358815382808094 1 6
7 0 3 9 5 8 

945 17658593314458426976 2 6
0 7 9 5 8 4 
7 0 9 5 8 4 

963 18086890993285191202 1 6
7 6 9 8 0 1 

952 8591890001936456670 2 6
3 7 9 5 8 4 
7 3 9 5 8 4 

948 6064667786112608002 2 6
2 7 5 9 8 4 
7 2 5 9 8 4 

965 3096506272444907086 1 6
7 6 0 2 9 8 

946 8036351382363724522 2 6
1 7 4 9 5 8 
7 1 4 9 5 8 

966 1226986932358623155 2 6
7 6 1 2 9 8 
7 6 9 8 1 2 

972 3643707457336179524 1 6
3 2 8 9 6 7 

970 12570330812132936786 1 6
1 3 7 6 9 8 

969 6168938656727204405 1 6
7 6 9 8 0 3 

978 3585847239961029018 1 6
1 7 6 4 9 8 

977 3948854685303680847 1 6
0 7 6 9 8 4 

980 13089126121461152858 1 6
2 7 6 8 4 9 

984 4653536839399552879 1 6
3 6 7 8 9 4 

996 2718441757761676123 1 6
2 6 7 5 9 8 

994 8998135747014874488 1 6
1 7 6 9 5 8 

993 12591428143878532126 1 6
0 7 6 9 5 8 

1000 16275696932607283355 1 6
3 6 7 8 9 5 

1055 6043988636722859569 2 6
4 10 3 1 0 2 
10 4 3 1 0 2 

1079 8125208561291216002 4 6
4 10 5 0 2 1 
4 10 5 2 0 1 
10 4 5 2 0 1 
10 4 5 0 2 1 

1083 9914544621565010157 2 6
3 1 0 4 10 5 
3 1 0 10 4 5 

1085 14193892042354564297 2 6
0 3 2 4 10 5 
0 3 2 10 4 5 

1086 14901608165814485539 4 6
1 3 2 4 10 5 
1 3 2 10 4 5 
3 1 2 4 10 5 
3 1 2 10 4 5 

1111 8025858045616766524 1 6
6 10 4 1 0 2 

1103 287993186096256536 2 6
6 10 1 3 0 2 
10 6 1 3 0 2 

1118 9053532329048259027 1 6
6 10 4 1 3 2 

1115 9534930996539378237 1 6
6 10 4 1 3 0 

1117 146068425122394231 1 6
6 4 10 0 3 2 

1127 4653536839399552879 1 6
6 10 5 1 2 0 

1134 7006050289965497513 1 6
6 10 5 1 3 2 

1133 9373330240097761451 1 6
6 5 10 2 0 3 

1131 4439271311977018565 1 6
6 10 5 1 3 0 

1139 16026483103413815275 1 6
6 1 0 10 5 4 

1142 10393283003489888198 1 6
6 1 2 10 5 4 

1141 10598304000528687032 1 6
6 2 0 5 10 4 

1148 16098169393313399834 1 6
6 2 3 5 4 10 

1146 12762678047276818112 1 6
6 1 3 10 5 4 

1145 1241834253461358968 2 6
6 3 0 10 4 5 
6 0 3 4 10 5 

1167 7811970100589738041 2 6
7 10 1 3 0 2 
10 7 1 3 0 2 

1175 7889552984379240449 1 6
7 4 10 1 0 2 

1181 13526104578436038704 1 6
7 10 4 0 2 3 

1179 8840332666804549034 1 6
7 4 10 1 3 0 

1182 2136377035695274874 1 6
7 4 10 1 3 2 

1191 17467733693511266021 1 6
7 10 5 1 0 2 

1206 3151710201370664348 1 6
7 1 2 4 10 5 

1205 2190812677472409291 1 6
7 0 2 10 4 5 

1238 16895042177174990800 1 6
1 2 7 6 4 10 

1244 6501300231799040082 1 6
10 4 2 3 7 6 

1237 16485630113796841448 1 6
10 4 7 6 0 2 

1242 11925172302646746012 1 6
1 3 7 6 4 10 

1251 4742794723104841765 2 6
1 0 7 6 10 5 
1 0 10 5 7 6 

1254 18392445823797561126 2 6
1 2 7 6 10 5 
1 2 10 5 7 6 

1253 14154707722632389775 2 6
7 6 10 5 0 2 
10 5 7 6 0 2 

1241 13065105027741258520 2 6
0 3 10 4 7 6 
10 4 0 3 7 6 

1309 8299414104499614430 1 6
10 8 4 0 3 2 

1303 704827895589442083 2 6
10 8 4 2 0 1 
10 8 4 0 2 1 

1310 4108072435186342751 2 6
10 8 4 3 1 2 
10 8 4 1 3 2 

1307 16394752646708386444 2 6
3 1 0 10 8 4 
10 8 4 3 1 0 

1333 15029096957779508543 2 6
0 2 8 10 5 4 
2 0 8 10 5 4 

1363 8615498088018427522 1 6
6 1 0 10 8 4 

254 8596477890657732608 1 7
7 6 4 5 1 3 2 

1366 15789682272084815674 1 6
6 1 2 10 8 4 

1365 11554364164885289816 1 6
6 0 2 10 8 4 

1369 9534930996539378237 1 6
6 3 0 8 10 4 

1370 6233101112775636024 1 6
6 3 1 10 8 4 

1372 6690190175591293744 1 6
6 3 2 8 10 4 

1379 12135024708952220283 1 6
6 1 0 10 8 5 

1382 10103086039371349106 1 6
6 1 2 10 8 5 

1381 1094902359944042127 1 6
6 2 0 8 10 5 

1388 17595456400429305813 1 6
6 3 2 8 10 5 

1385 1161186369265576200 1 6
6 3 0 8 10 5 

1386 17213188788629023632 1 6
6 1 3 8 10 5 

1393 4955971460995527650 2 6
0 6 8 10 5 4 
6 0 8 10 5 4 

1394 12611290664306078369 2 6
1 6 10 8 5 4 
6 1 10 8 5 4 

1396 15611846708909546325 2 6
2 6 8 10 5 4 
6 2 8 10 5 4 

1400 9147848202778823456 2 6
3 6 8 10 5 4 
6 3 8 10 5 4 

1415 13029729863628490816 1 6
7 10 8 1 0 2 

1419 4423537052917596375 1 6
7 10 8 1 3 0 

1430 2751805729613829575 1 6
7 1 2 4 10 8 

1421 14651635369461759024 1 6
7 10 8 0 2 3 

1429 7628132057070786843 1 6
7 0 2 10 8 4 

1433 17415974873749780825 1 6
7 0 3 10 8 4 

1446 10124030108281014978 1 6
7 1 2 10 8 5 

1445 8769036312566158123 1 6
7 0 2 10 8 5 

1460 9717984485438883661 2 6
2 7 10 8 5 4 
7 2 10 8 5 4 

351 4568704180519052256 1 7
6 8 4 3 1 0 2 

1477 17532947208591071316 1 6
10 8 7 6 0 2 

1484 659044225195319138 1 6
8 10 3 2 6 7 

375 573481760770551158 1 7
6 5 8 4 2 1 0 

1490 14622226458199323280 1 6
1 7 6 4 10 8 

381 2715542224426440992 1 7
6 8 5 4 3 2 0 

1492 539705482810730605 1 6
2 7 6 10 8 4 

1559 16339845621466918129 2 6
4 10 9 0 2 1 
4 10 9 2 0 1 

1589 2426637457460279828 2 6
0 2 9 5 4 10 
2 0 9 5 4 10 

1614 14314744656373351788 1 6
6 10 9 1 3 2 

505 13598430126542721018 1 7
3 0 6 7 8 5 4 

1611 6690190175591293744 1 6
6 10 9 1 3 0 

502 7576705777241990328 1 7
1 2 7 6 4 5 8 

1619 9934916938237443731 1 6
6 1 0 10 4 9 

1622 11876045046043528142 1 6
6 1 2 10 4 9 

1628 1416008171446169777 1 6
6 3 2 4 10 9 

1621 6539926622318501342 1 6
6 0 2 10 4 9 

1626 2024917900184200595 1 6
6 1 3 10 4 9 

1625 146068425122394231 1 6
6 0 3 4 10 9 

1635 10599304529909560168 1 6
6 1 0 10 5 9 

1638 1068189904808344322 1 6
6 1 2 10 5 9 

1637 6045837946631325231 1 6
6 2 0 5 9 10 

1641 9940580224441013335 1 6
6 0 3 9 5 10 

1649 17298268216800964188 2 6
0 6 9 5 10 4 
6 0 9 5 10 4 

1671 8451240651736683912 1 6
7 9 10 0 1 2 

1656 17313656646807468526 2 6
3 6 9 5 4 10 
6 3 9 5 4 10 

1677 5170427616601727961 1 6
7 9 10 0 3 2 

1675 3986059512210829194 1 6
7 9 10 0 1 3 

1685 13361641683822520037 1 6
7 0 2 9 10 4 

1689 14735219118361430811 1 6
7 0 3 9 10 4 

1701 6420649602686662390 1 6
7 0 2 9 10 5 

1733 10612778188655721572 1 6
7 6 0 2 9 10 

1716 2533971826501984762 2 6
2 7 9 5 10 4 
7 2 9 5 10 4 

607 2495781722020618564 1 7
6 4 9 3 1 0 2 

1740 16721858763563716536 2 6
7 6 3 2 9 10 
7 6 9 10 3 2 

631 13843288859417546758 1 7
6 5 9 4 2 1 0 

1748 3992380303988173995 1 6
2 7 6 10 4 9 

1746 10943217662918309328 1 6
1 7 6 4 10 9 

637 6095572831659735975 1 7
6 5 9 4 2 3 0 

1859 265255824446843129 1 6
6 1 0 10 8 9 

750 7154637134526598039 1 7
7 6 9 5 1 3 2 

1813 10638014861422108435 2 6
0 2 10 8 4 9 
2 0 10 8 4 9 

1817 6043988636722859569 2 6
0 3 10 8 4 9 
3 0 10 8 4 9 

1829 13867991663180990280 2 6
0 2 8 10 5 9 
2 0 8 10 5 9 

1861 13779272358310537932 1 6
6 0 2 10 8 9 

1868 14314744656373351788 1 6
6 3 2 8 10 9 

1874 1348048972116502928 2 6
1 6 10 8 4 9 
6 1 10 8 4 9 

1876 14067259615424979558 2 6
2 6 10 8 4 9 
6 2 10 8 4 9 

1866 10116205318590734417 2 6
6 3 1 10 8 9 
6 1 3 8 10 9 

757 2359079824055348430 1 7
7 6 0 2 9 5 4 

1873 15576137016969366505 2 6
0 6 10 8 4 9 
6 0 10 8 4 9 

764 14375839265134611357 1 7
6 7 3 2 9 5 4 

1889 5710608065836435890 2 6
0 6 8 10 5 9 
6 0 8 10 5 9 

1880 287993186096256536 2 6
3 6 8 10 4 9 
6 3 8 10 4 9 

1892 2078305695638122049 2 6
2 6 8 10 5 9 
6 2 8 10 5 9 

1890 1552484574001809976 2 6
1 6 10 8 5 9 
6 1 10 8 5 9 

1896 3560811684143145656 2 6
3 6 8 10 5 9 
6 3 8 10 5 9 

1926 17646040800618307409 1 6
7 1 2 10 9 8 

1932 15976145813781662178 1 6
7 3 2 10 8 9 

823 12356952736066650422 2 7
0 2 1 5 9 8 4 
2 0 1 5 9 8 4 

1925 3363138455921570734 1 6
7 0 2 9 10 8 

1929 13106393483657847224 1 6
7 0 3 9 10 8 

1937 7136593046987060385 2 6
0 7 9 10 8 4 
7 0 9 10 8 4 

1938 17197385397434661618 2 6
1 7 4 10 9 8 
7 1 4 10 9 8 

829 6383869205407228273 1 7
0 3 2 5 9 8 4 

1940 6384855242758803339 2 6
2 7 10 8 4 9 
7 2 10 8 4 9 

1986 4409964630531738711 1 6
1 7 6 10 9 8 

877 693295066396451659 1 7
6 3 2 0 8 5 9 

1988 10637681815816069057 1 6
2 7 6 10 8 9 

1956 11688826648338069141 2 6
2 7 10 8 5 9 
7 2 10 8 5 9 

847 2380764710546610850 1 7
6 8 9 3 1 0 2 

1992 7006050289965497513 1 6
3 6 7 8 10 9 

883 18327994583231623067 1 7
6 1 0 5 9 8 4 

223 1638322539938344993 1 7
4 7 6 1 3 0 2 

191 18292406331517396867 1 7
7 4 5 1 3 0 2 

251 3928308296909191948 1 7
7 6 4 5 1 3 0 

382 5959600322593222375 1 7
6 3 1 2 8 5 4 

415 305834196926693723 1 7
7 4 8 1 3 2 0 

379 10324132601427770550 1 7
6 3 1 0 8 5 4 

439 3751852416640872329 1 7
7 1 2 0 4 5 8 

443 6007684293140013895 1 7
7 1 3 0 4 5 8 

431 18371176088636070136 1 7
7 5 8 1 3 2 0 

445 2059780508393955428 1 7
7 8 5 4 3 2 0 

446 11565138064997336458 1 7
7 1 3 2 4 5 8 

471 3365085097581767230 1 7
7 6 4 8 1 2 0 

463 16086574180990236472 1 7
8 6 7 3 1 2 0 

478 6020877601437260492 1 7
7 6 4 8 1 3 2 

475 7071237255478924280 1 7
7 6 4 8 1 3 0 

477 8614695201775632030 1 7
8 4 6 7 3 2 0 

487 15859669726504012207 1 7
5 8 7 6 1 2 0 

491 2761994611053678483 1 7
5 8 6 7 3 1 0 

499 11853245997466635290 1 7
1 0 7 6 4 5 8 

506 16449046110512238800 1 7
1 3 7 6 4 8 5 

635 14101991370550786684 1 7
6 1 3 0 5 9 4 

638 17593345852837995470 1 7
6 1 3 2 5 9 4 

671 6973786145749286846 1 7
7 4 9 1 0 3 2 

687 1187010999423085588 1 7
7 9 5 0 1 3 2 

695 876625266299655593 1 7
7 1 0 2 4 9 5 

719 6399151157954011874 1 7
9 7 6 0 1 3 2 

699 8893549390133235869 1 7
7 1 0 3 4 9 5 

702 14275170025909566093 1 7
7 1 3 2 4 9 5 

701 1433151530162478549 1 7
7 9 5 4 0 3 2 

727 4496855782260923806 1 7
7 6 4 9 1 0 2 

734 11805509373235405458 1 7
7 6 4 9 1 3 2 

743 13623637728151813463 1 7
7 6 9 5 0 1 2 

733 14564031912836873381 1 7
7 6 9 4 0 3 2 

731 6001918913365111354 1 7
7 6 4 9 1 0 3 

747 14991070575145257710 1 7
7 6 9 5 0 1 3 

758 5632004309272283223 1 7
1 2 7 6 4 9 5 

761 5129128843822809238 1 7
7 6 0 3 9 5 4 

799 14824233836250441425 2 7
4 9 8 3 1 0 2 
9 4 8 3 1 0 2 

762 6480649019348244739 1 7
1 3 7 6 4 9 5 

827 676631674666089720 1 7
3 1 0 5 9 8 4 

830 3703193571676449873 2 7
1 3 2 5 9 8 4 
3 1 2 5 9 8 4 

859 4015979662095117818 1 7
6 3 1 0 8 4 9 

862 13595645149185160066 1 7
6 3 1 2 8 4 9 

861 905093441675835951 1 7
6 3 0 2 8 4 9 

871 2498899200401873944 1 7
6 5 9 8 2 1 0 

878 13350342714888225313 1 7
6 3 1 2 8 5 9 

875 12442468890695262131 1 7
6 3 1 0 8 5 9 

855 8133079854548570612 4 7
6 2 0 1 9 4 8 
6 4 9 8 0 2 1 
6 0 2 1 4 9 8 
6 9 4 8 2 0 1 

885 18103501224340589703 1 7
6 2 0 5 9 8 4 

886 5732939592862196439 1 7
6 2 1 5 9 8 4 

889 17838533491574366595 1 7
6 3 0 8 5 9 4 

892 5549619120417497660 1 7
6 3 2 8 5 9 4 

890 7622854427731644234 1 7
6 3 1 8 5 9 4 

911 2827232193655340974 1 7
7 9 8 0 1 3 2 

919 9863649293098616681 1 7
7 1 0 2 4 9 8 

926 11123401407784166674 1 7
7 1 3 2 4 9 8 

923 699441197584300587 1 7
7 1 0 3 4 9 8 

925 12315070190042481129 1 7
7 9 8 4 0 3 2 

935 5900012742568793985 1 7
7 9 5 8 0 1 2 

947 3215261588023170635 1 7
7 1 0 4 9 5 8 

942 1638704767986779226 1 7
7 1 3 2 9 5 8 

939 458805049674442003 1 7
7 9 5 8 0 1 3 

950 10707567250479182608 1 7
7 1 2 4 9 5 8 

941 11808651792371787695 1 7
7 9 5 8 0 3 2 

949 13684713537407941898 1 7
7 0 2 9 5 8 4 

956 7818006347468536805 1 7
7 3 2 9 5 8 4 

953 9094130162263373088 1 7
7 0 3 9 5 8 4 

954 4923079805143928205 1 7
7 1 3 4 9 5 8 

967 6299330027157303481 1 7
7 6 9 8 0 1 2 

974 13793095270379088208 1 7
7 6 9 8 1 3 2 

971 18329436046235194090 1 7
7 6 9 8 0 1 3 

973 1900120265721132939 1 7
7 6 9 8 0 3 2 

979 16590744813123860859 1 7
7 6 1 0 4 9 8 

982 5358822904963741480 1 7
7 6 1 2 4 9 8 

981 16029931839962972311 1 7
7 6 0 2 9 8 4 

985 9675690644676719630 1 7
7 6 0 3 9 8 4 

988 1222025023996087391 1 7
3 2 6 7 8 9 4 

986 9327720492463232334 1 7
1 3 7 6 4 9 8 

995 5286156208254102320 1 7
7 6 0 1 9 5 8 

998 10470167206204770817 1 7
1 2 7 6 9 5 8 

1004 10123082805692890993 1 7
3 2 6 7 8 5 9 

997 4651903429222402009 1 7
7 6 0 2 9 5 8 

1002 6925451355617606441 1 7
1 3 7 6 9 8 5 

1009 15708599271906167128 1 7
0 7 6 9 5 8 4 

1001 10934263456048218986 1 7
7 6 0 3 9 8 5 

1010 13018536172581079275 1 7
1 7 6 4 9 5 8 

1012 11138638445138222020 1 7
2 6 7 5 9 8 4 

1016 3569013029605161313 1 7
3 6 7 8 9 5 4 

1087 4518600630308056508 2 7
4 10 5 3 1 0 2 
10 4 5 3 1 0 2 

1135 283468751172893390 1 7
6 10 5 1 3 2 0 

1119 14839440988032084377 1 7
6 10 4 1 3 0 2 

1143 9876615848926453476 1 7
6 1 2 0 10 5 4 

1150 4252972725339284870 1 7
6 1 3 2 10 5 4 

1147 15106001012537460567 1 7
6 1 3 0 10 5 4 

1149 7982072277568060160 1 7
6 2 0 3 5 4 10 

1183 10734080580655620808 1 7
7 4 10 1 3 0 2 

1213 6978705810817879819 1 7
7 10 4 5 0 2 3 

1239 13988364008982853333 1 7
7 6 4 10 1 0 2 

1246 9845515585770176493 1 7
7 6 4 10 1 3 2 

1243 11204200764966583337 1 7
7 6 4 10 1 3 0 

1245 13950090021688106503 1 7
10 4 7 6 0 2 3 

1269 17350219891316674717 1 7
7 6 0 2 10 5 4 

1261 4713752104610133741 2 7
7 6 10 5 0 2 3 
10 5 7 6 0 2 3 

1273 9604383509689318029 1 7
0 3 7 6 10 4 5 

1311 17842449184542000572 1 7
10 8 4 3 1 0 2 

