hexagonbox1[0,0,0,0,0,0,0,0,0,0,0]*(-a7-a1-a2+d-a6-a3-2*a0)
hexagonbox1[-1,1,0,0,0,0,0,0,0,0,0]*(-a1)
hexagonbox1[0,0,0,0,0,0,0,1,0,0,0]*(a7*s45)
hexagonbox1[-1,0,1,0,0,0,0,0,0,0,0]*(-a2)
hexagonbox1[0,0,0,0,0,0,0,1,0,0,-1]*(-a7)
hexagonbox1[0,0,1,0,0,0,0,0,0,0,0]*(a2*s12)
hexagonbox1[-1,0,0,1,0,0,0,0,0,0,0]*(-a3)
hexagonbox1[0,0,0,0,0,-1,0,1,0,0,0]*(a7)
hexagonbox1[0,0,0,1,0,0,0,0,0,0,0]*(s45*a3)
hexagonbox1[-1,0,0,0,0,0,1,0,0,0,0]*(-a6)
hexagonbox1[0,0,0,0,-1,0,1,0,0,0,0]*(a6)
hexagonbox1[0,0,0,0,-1,0,0,1,0,0,0]*(a7)
hexagonbox1[-1,0,0,0,0,0,0,1,0,0,0]*(-a7)

hexagonbox1[0,0,0,0,1,-1,0,0,0,0,0]*(-a4)
hexagonbox1[0,0,0,0,1,0,0,0,0,0,-1]*(a4)
hexagonbox1[0,0,0,0,1,0,0,0,0,0,0]*(-a4*s45)
hexagonbox1[0,0,0,0,0,0,0,0,0,0,0]*(a10-a7-a5+a6)
hexagonbox1[0,0,0,0,0,1,0,0,0,0,-1]*(a5)
hexagonbox1[0,0,0,0,0,-1,0,0,0,0,1]*(-a10)
hexagonbox1[0,0,0,0,0,0,1,-1,0,0,0]*(-a6)
hexagonbox1[0,0,0,0,0,0,-1,1,0,0,0]*(a7)
hexagonbox1[0,0,0,0,0,0,0,0,0,1,0]*(s34*a9)
hexagonbox1[0,0,0,0,0,-1,0,0,1,0,0]*(-a8)
hexagonbox1[0,0,0,0,0,0,0,0,1,0,-1]*(a8)
hexagonbox1[0,0,0,0,0,0,0,0,1,0,0]*(s51*a8-a8*s23)
hexagonbox1[0,0,0,0,0,-1,0,0,0,1,0]*(-a9)
hexagonbox1[0,0,0,0,0,0,0,0,0,1,-1]*(a9)

hexagonbox1[0,0,0,0,0,0,0,0,0,0,0]*(-a10-2*a4-a8-a5+d-a9-a6)
hexagonbox1[0,0,0,0,-1,1,0,0,0,0,0]*(-a5)
hexagonbox1[0,0,0,0,0,0,0,0,0,0,1]*(a10*s45)
hexagonbox1[-1,0,0,0,0,0,1,0,0,0,0]*(a6)
hexagonbox1[0,0,0,0,-1,0,1,0,0,0,0]*(-a6)
hexagonbox1[0,0,0,0,-1,0,0,0,0,0,1]*(-a10)
hexagonbox1[-1,0,0,0,0,0,0,1,0,0,0]*(a7)
hexagonbox1[0,0,0,0,-1,0,0,1,0,0,0]*(-a7)
hexagonbox1[0,0,0,0,0,-1,0,1,0,0,0]*(-a7)
hexagonbox1[0,0,0,0,0,0,-1,1,0,0,0]*(-a7)
hexagonbox1[0,0,0,0,0,0,0,1,0,0,-1]*(a7)
hexagonbox1[0,0,0,0,0,0,0,1,0,0,0]*(-a7*s45)
hexagonbox1[0,0,0,0,-1,0,0,0,1,0,0]*(-a8)
hexagonbox1[0,0,0,0,0,0,0,0,0,1,0]*(a9*s12)
hexagonbox1[0,0,0,0,-1,0,0,0,0,1,0]*(-a9)

hexagonbox1[0,0,0,0,0,0,0,0,0,0,0]*(a1-a0)
hexagonbox1[1,-1,0,0,0,0,0,0,0,0,0]*(a0)
hexagonbox1[-1,1,0,0,0,0,0,0,0,0,0]*(-a1)
hexagonbox1[0,0,0,0,0,0,0,1,0,0,0]*(-a7*s23+a7*s51+a7*s45)
hexagonbox1[-1,0,1,0,0,0,0,0,0,0,0]*(-a2)
hexagonbox1[0,-1,1,0,0,0,0,0,0,0,0]*(a2)
hexagonbox1[0,0,1,0,0,0,0,0,0,0,0]*(a2*s12)
hexagonbox1[-1,0,0,1,0,0,0,0,0,0,0]*(-a3)
hexagonbox1[0,-1,0,1,0,0,0,0,0,0,0]*(a3)
hexagonbox1[0,0,0,1,0,0,0,0,0,0,0]*(s45*a3-s23*a3)
hexagonbox1[-1,0,0,0,0,0,1,0,0,0,0]*(-a6)
hexagonbox1[0,-1,0,0,0,0,1,0,0,0,0]*(a6)
hexagonbox1[0,0,0,0,-1,0,1,0,0,0,0]*(a6)
hexagonbox1[0,0,0,0,0,0,1,0,-1,0,0]*(-a6)
hexagonbox1[-1,0,0,0,0,0,0,1,0,0,0]*(-a7)
hexagonbox1[0,-1,0,0,0,0,0,1,0,0,0]*(a7)
hexagonbox1[0,0,0,0,-1,0,0,1,0,0,0]*(a7)
hexagonbox1[0,0,0,0,0,0,0,1,-1,0,0]*(-a7)

hexagonbox1[1,-1,0,0,0,0,0,0,0,0,0]*(-a0)
hexagonbox1[1,0,-1,0,0,0,0,0,0,0,0]*(a0)
hexagonbox1[1,0,0,0,0,0,0,0,0,0,0]*(-s12*a0)
hexagonbox1[0,0,0,0,0,0,0,0,0,0,0]*(-a1+a2)
hexagonbox1[0,1,-1,0,0,0,0,0,0,0,0]*(a1)
hexagonbox1[0,-1,1,0,0,0,0,0,0,0,0]*(-a2)
hexagonbox1[0,0,0,0,0,0,0,1,0,0,0]*(a7*s23-a7*s51+s34*a7)
hexagonbox1[0,-1,0,1,0,0,0,0,0,0,0]*(-a3)
hexagonbox1[0,0,-1,1,0,0,0,0,0,0,0]*(a3)
hexagonbox1[0,0,0,1,0,0,0,0,0,0,0]*(s23*a3)
hexagonbox1[0,-1,0,0,0,0,1,0,0,0,0]*(-a6)
hexagonbox1[0,0,-1,0,0,0,1,0,0,0,0]*(a6)
hexagonbox1[0,0,0,0,0,0,1,0,-1,0,0]*(a6)
hexagonbox1[0,0,0,0,0,0,1,0,0,-1,0]*(-a6)
hexagonbox1[0,-1,0,0,0,0,0,1,0,0,0]*(-a7)
hexagonbox1[0,0,-1,0,0,0,0,1,0,0,0]*(a7)
hexagonbox1[0,0,0,0,0,0,0,1,-1,0,0]*(a7)
hexagonbox1[0,0,0,0,0,0,0,1,0,-1,0]*(-a7)

hexagonbox1[1,0,-1,0,0,0,0,0,0,0,0]*(a0)
hexagonbox1[1,0,0,-1,0,0,0,0,0,0,0]*(-a0)
hexagonbox1[1,0,0,0,0,0,0,0,0,0,0]*(-s12*a0+s45*a0)
hexagonbox1[0,1,-1,0,0,0,0,0,0,0,0]*(a1)
hexagonbox1[0,1,0,-1,0,0,0,0,0,0,0]*(-a1)
hexagonbox1[0,1,0,0,0,0,0,0,0,0,0]*(a1*s23)
hexagonbox1[0,0,0,0,0,0,0,0,0,0,0]*(a2-a3)
hexagonbox1[0,0,1,-1,0,0,0,0,0,0,0]*(-a2)
hexagonbox1[0,0,-1,1,0,0,0,0,0,0,0]*(a3)
hexagonbox1[0,0,0,0,0,0,0,1,0,0,0]*(s34*a7)
hexagonbox1[0,0,-1,0,0,0,1,0,0,0,0]*(a6)
hexagonbox1[0,0,0,-1,0,0,1,0,0,0,0]*(-a6)
hexagonbox1[0,0,0,0,0,0,1,0,0,-1,0]*(-a6)
hexagonbox1[0,0,0,0,0,0,1,0,0,0,-1]*(a6)
hexagonbox1[0,0,-1,0,0,0,0,1,0,0,0]*(a7)
hexagonbox1[0,0,0,-1,0,0,0,1,0,0,0]*(-a7)
hexagonbox1[0,0,0,0,0,0,0,1,0,-1,0]*(-a7)
hexagonbox1[0,0,0,0,0,0,0,1,0,0,-1]*(a7)

hexagonbox1[0,0,0,0,0,0,0,0,0,0,0]*(-a4+a8)
hexagonbox1[0,0,0,0,1,0,0,0,-1,0,0]*(a4)
hexagonbox1[0,0,0,0,-1,1,0,0,0,0,0]*(-a5)
hexagonbox1[0,0,0,0,0,1,0,0,-1,0,0]*(a5)
hexagonbox1[0,0,0,0,0,1,0,0,0,0,0]*(-s51*a5)
hexagonbox1[-1,0,0,0,0,0,1,0,0,0,0]*(a6)
hexagonbox1[0,-1,0,0,0,0,1,0,0,0,0]*(-a6)
hexagonbox1[0,0,0,0,-1,0,1,0,0,0,0]*(-a6)
hexagonbox1[0,0,0,0,0,0,1,0,-1,0,0]*(a6)
hexagonbox1[-1,0,0,0,0,0,0,1,0,0,0]*(a7)
hexagonbox1[0,-1,0,0,0,0,0,1,0,0,0]*(-a7)
hexagonbox1[0,0,0,0,-1,0,0,1,0,0,0]*(-a7)
hexagonbox1[0,0,0,0,0,0,0,1,-1,0,0]*(a7)
hexagonbox1[0,0,0,0,0,0,0,1,0,0,0]*(a7*s23-a7*s51-a7*s45)
hexagonbox1[0,0,0,0,-1,0,0,0,1,0,0]*(-a8)
hexagonbox1[0,0,0,0,0,0,0,0,0,0,1]*(-a10*s23+a10*s45)
hexagonbox1[0,0,0,0,-1,0,0,0,0,1,0]*(-a9)
hexagonbox1[0,0,0,0,0,0,0,0,-1,1,0]*(a9)
hexagonbox1[0,0,0,0,0,0,0,0,0,1,0]*(a9*s12)
hexagonbox1[0,0,0,0,-1,0,0,0,0,0,1]*(-a10)
hexagonbox1[0,0,0,0,0,0,0,0,-1,0,1]*(a10)

hexagonbox1[0,0,0,0,1,0,0,0,-1,0,0]*(-a4)
hexagonbox1[0,0,0,0,1,0,0,0,0,-1,0]*(a4)
hexagonbox1[0,0,0,0,1,0,0,0,0,0,0]*(-a4*s12)
hexagonbox1[0,0,0,0,0,1,0,0,-1,0,0]*(-a5)
hexagonbox1[0,0,0,0,0,1,0,0,0,-1,0]*(a5)
hexagonbox1[0,0,0,0,0,1,0,0,0,0,0]*(-s34*a5+s51*a5)
hexagonbox1[0,-1,0,0,0,0,1,0,0,0,0]*(a6)
hexagonbox1[0,0,-1,0,0,0,1,0,0,0,0]*(-a6)
hexagonbox1[0,0,0,0,0,0,1,0,-1,0,0]*(-a6)
hexagonbox1[0,0,0,0,0,0,1,0,0,-1,0]*(a6)
hexagonbox1[0,-1,0,0,0,0,0,1,0,0,0]*(a7)
hexagonbox1[0,0,-1,0,0,0,0,1,0,0,0]*(-a7)
hexagonbox1[0,0,0,0,0,0,0,1,-1,0,0]*(-a7)
hexagonbox1[0,0,0,0,0,0,0,1,0,-1,0]*(a7)
hexagonbox1[0,0,0,0,0,0,0,1,0,0,0]*(-a7*s23+a7*s51-s34*a7)
hexagonbox1[0,0,0,0,0,0,0,0,0,0,0]*(-a8+a9)
hexagonbox1[0,0,0,0,0,0,0,0,1,-1,0]*(a8)
hexagonbox1[0,0,0,0,0,0,0,0,-1,1,0]*(-a9)
hexagonbox1[0,0,0,0,0,0,0,0,0,0,1]*(a10*s23)
hexagonbox1[0,0,0,0,0,0,0,0,-1,0,1]*(-a10)
hexagonbox1[0,0,0,0,0,0,0,0,0,-1,1]*(a10)

hexagonbox1[0,0,0,0,1,0,0,0,0,-1,0]*(a4)
hexagonbox1[0,0,0,0,1,0,0,0,0,0,-1]*(-a4)
hexagonbox1[0,0,0,0,1,0,0,0,0,0,0]*(a4*s45-a4*s12)
hexagonbox1[0,0,0,0,0,1,0,0,0,-1,0]*(a5)
hexagonbox1[0,0,0,0,0,1,0,0,0,0,-1]*(-a5)
hexagonbox1[0,0,0,0,0,1,0,0,0,0,0]*(-s34*a5)
hexagonbox1[0,0,-1,0,0,0,1,0,0,0,0]*(-a6)
hexagonbox1[0,0,0,-1,0,0,1,0,0,0,0]*(a6)
hexagonbox1[0,0,0,0,0,0,1,0,0,-1,0]*(a6)
hexagonbox1[0,0,0,0,0,0,1,0,0,0,-1]*(-a6)
hexagonbox1[0,0,-1,0,0,0,0,1,0,0,0]*(-a7)
hexagonbox1[0,0,0,-1,0,0,0,1,0,0,0]*(a7)
hexagonbox1[0,0,0,0,0,0,0,1,0,-1,0]*(a7)
hexagonbox1[0,0,0,0,0,0,0,1,0,0,-1]*(-a7)
hexagonbox1[0,0,0,0,0,0,0,1,0,0,0]*(-s34*a7)
hexagonbox1[0,0,0,0,0,0,0,0,1,-1,0]*(a8)
hexagonbox1[0,0,0,0,0,0,0,0,1,0,-1]*(-a8)
hexagonbox1[0,0,0,0,0,0,0,0,1,0,0]*(a8*s23)
hexagonbox1[0,0,0,0,0,0,0,0,0,0,0]*(-a10+a9)
hexagonbox1[0,0,0,0,0,0,0,0,0,1,-1]*(-a9)
hexagonbox1[0,0,0,0,0,0,0,0,0,-1,1]*(a10)

hexagonbox1[0,0,0,0,0,0,0,0,0,0,0]*(a6-a0)
hexagonbox1[1,0,0,0,-1,0,0,0,0,0,0]*(-a0)
hexagonbox1[1,0,0,0,0,0,-1,0,0,0,0]*(a0)
hexagonbox1[-1,1,0,0,0,0,0,0,0,0,0]*(-a1)
hexagonbox1[0,1,0,0,0,0,-1,0,0,0,0]*(a1)
hexagonbox1[0,1,0,0,0,0,0,0,-1,0,0]*(-a1)
hexagonbox1[-1,0,1,0,0,0,0,0,0,0,0]*(-a2)
hexagonbox1[0,0,1,0,0,0,-1,0,0,0,0]*(a2)
hexagonbox1[0,0,1,0,0,0,0,0,0,-1,0]*(-a2)
hexagonbox1[0,0,1,0,0,0,0,0,0,0,0]*(a2*s12)
hexagonbox1[-1,0,0,1,0,0,0,0,0,0,0]*(-a3)
hexagonbox1[0,0,0,1,0,0,-1,0,0,0,0]*(a3)
hexagonbox1[0,0,0,1,0,0,0,0,0,0,-1]*(-a3)
hexagonbox1[0,0,0,1,0,0,0,0,0,0,0]*(s45*a3)
hexagonbox1[-1,0,0,0,0,0,1,0,0,0,0]*(-a6)
hexagonbox1[0,0,0,0,-1,0,1,0,0,0,0]*(a6)
hexagonbox1[0,0,0,0,0,0,0,1,0,0,0]*(a7*s45)
hexagonbox1[-1,0,0,0,0,0,0,1,0,0,0]*(-a7)
hexagonbox1[0,0,0,0,-1,0,0,1,0,0,0]*(a7)
hexagonbox1[0,0,0,0,0,-1,0,1,0,0,0]*(a7)
hexagonbox1[0,0,0,0,0,0,-1,1,0,0,0]*(a7)
hexagonbox1[0,0,0,0,0,0,0,1,0,0,-1]*(-a7)

hexagonbox1[1,0,0,0,0,-1,0,0,0,0,0]*(-a0)
hexagonbox1[1,0,0,0,0,0,-1,0,0,0,0]*(-a0)
hexagonbox1[1,0,0,0,0,0,0,-1,0,0,0]*(a0)
hexagonbox1[1,0,0,0,0,0,0,0,0,0,-1]*(a0)
hexagonbox1[1,0,0,0,0,0,0,0,0,0,0]*(-s45*a0)
hexagonbox1[0,1,0,0,0,-1,0,0,0,0,0]*(-a1)
hexagonbox1[0,1,0,0,0,0,-1,0,0,0,0]*(-a1)
hexagonbox1[0,1,0,0,0,0,0,-1,0,0,0]*(a1)
hexagonbox1[0,1,0,0,0,0,0,0,0,0,-1]*(a1)
hexagonbox1[0,1,0,0,0,0,0,0,0,0,0]*(-a1*s23+a1*s51)
hexagonbox1[0,0,1,0,0,-1,0,0,0,0,0]*(-a2)
hexagonbox1[0,0,1,0,0,0,-1,0,0,0,0]*(-a2)
hexagonbox1[0,0,1,0,0,0,0,-1,0,0,0]*(a2)
hexagonbox1[0,0,1,0,0,0,0,0,0,0,-1]*(a2)
hexagonbox1[0,0,1,0,0,0,0,0,0,0,0]*(s34*a2)
hexagonbox1[0,0,0,1,0,-1,0,0,0,0,0]*(-a3)
hexagonbox1[0,0,0,1,0,0,-1,0,0,0,0]*(-a3)
hexagonbox1[0,0,0,1,0,0,0,-1,0,0,0]*(a3)
hexagonbox1[0,0,0,1,0,0,0,0,0,0,-1]*(a3)
hexagonbox1[0,0,0,0,0,0,0,0,0,0,0]*(a7-a6)
hexagonbox1[0,0,0,0,0,0,1,-1,0,0,0]*(a6)
hexagonbox1[0,0,0,0,0,0,-1,1,0,0,0]*(-a7)

hexagonbox1[-1,0,0,0,1,0,0,0,0,0,0]*(-a4)
hexagonbox1[0,0,0,0,0,0,0,0,0,0,0]*(a7-a4-a5+a6)
hexagonbox1[0,0,0,0,1,0,-1,0,0,0,0]*(a4)
hexagonbox1[0,0,0,-1,0,1,0,0,0,0,0]*(-a5)
hexagonbox1[0,0,0,0,-1,1,0,0,0,0,0]*(-a5)
hexagonbox1[0,0,0,0,0,0,0,0,0,0,1]*(a10*s45)
hexagonbox1[0,0,0,0,0,1,0,-1,0,0,0]*(a5)
hexagonbox1[0,0,0,0,0,1,0,0,0,0,-1]*(a5)
hexagonbox1[-1,0,0,0,0,0,1,0,0,0,0]*(a6)
hexagonbox1[0,0,0,0,-1,0,1,0,0,0,0]*(-a6)
hexagonbox1[0,0,0,0,0,0,-1,0,0,0,1]*(a10)
hexagonbox1[-1,0,0,0,0,0,0,1,0,0,0]*(a7)
hexagonbox1[0,0,0,0,-1,0,0,1,0,0,0]*(-a7)
hexagonbox1[0,0,0,0,0,-1,0,1,0,0,0]*(-a7)
hexagonbox1[0,0,0,0,-1,0,0,0,0,0,1]*(-a10)
hexagonbox1[0,0,0,0,0,0,0,1,0,0,-1]*(a7)
hexagonbox1[0,0,0,0,0,0,0,1,0,0,0]*(-a7*s45)
hexagonbox1[0,-1,0,0,0,0,0,0,1,0,0]*(-a8)
hexagonbox1[0,0,0,0,-1,0,0,0,1,0,0]*(-a8)
hexagonbox1[0,0,0,0,0,0,-1,0,1,0,0]*(a8)
hexagonbox1[0,0,-1,0,0,0,0,0,0,1,0]*(-a9)
hexagonbox1[0,0,0,0,-1,0,0,0,0,1,0]*(-a9)
hexagonbox1[0,0,0,0,0,0,-1,0,0,1,0]*(a9)
hexagonbox1[0,0,0,0,0,0,0,0,0,1,0]*(a9*s12)
hexagonbox1[0,0,0,-1,0,0,0,0,0,0,1]*(-a10)

