hexagonbox1[-1,1,0,0,0,0,0,0,0,0,0]*(a1*s12)
hexagonbox1[0,0,0,0,0,0,0,0,0,0,0]*(a2*s12-a8*s12-a1*s12+a9*s12)
hexagonbox1[-1,0,1,0,0,0,0,0,0,0,0]*(a2*s12)
hexagonbox1[0,-1,1,0,0,0,0,0,0,0,0]*(-2*a2*s12)
hexagonbox1[0,0,1,0,0,0,0,0,0,0,0]*(-a2*s12^2)
hexagonbox1[-1,0,0,1,0,0,0,0,0,0,0]*(s12*a3+s23*a3)
hexagonbox1[0,-1,0,1,0,0,0,0,0,0,0]*(-s12*a3-s45*a3)
hexagonbox1[0,0,0,1,0,0,0,0,0,0,0]*(s23*s12*a3-s45*s12*a3)
hexagonbox1[0,0,0,0,-1,1,0,0,0,0,0]*(-s34*a5+s51*a5+a5*s12)
hexagonbox1[0,0,0,0,0,1,0,0,-1,0,0]*(s34*a5-a5*s12)
hexagonbox1[0,0,0,0,0,1,0,0,0,0,0]*(s51*a5*s12)
hexagonbox1[0,0,0,0,-1,0,0,0,1,0,0]*(a8*s12)
hexagonbox1[0,0,0,0,0,0,0,0,0,-1,1]*(-a10*s23+a10*s45)
hexagonbox1[0,0,0,0,-1,0,0,0,0,1,0]*(a9*s12)
hexagonbox1[0,0,0,0,0,0,0,0,-1,1,0]*(-2*a9*s12)
hexagonbox1[0,0,0,0,0,0,0,0,0,1,0]*(-a9*s12^2)
hexagonbox1[0,0,0,0,-1,0,0,0,0,0,1]*(a10*s12+a10*s23)
hexagonbox1[0,0,0,0,0,0,0,0,-1,0,1]*(-a10*s12-a10*s45)
hexagonbox1[0,0,0,0,0,0,0,0,0,0,1]*(a10*s23*s12-a10*s45*s12)
hexagonbox1[0,0,-1,0,0,0,0,1,0,0,0]*(-a7*s23+a7*s51+a7*s45)
hexagonbox1[0,0,0,0,0,0,0,1,0,-1,0]*(a7*s23-a7*s51-a7*s45)
hexagonbox1[0,0,0,0,0,1,0,0,0,-1,0]*(-s51*a5)
hexagonbox1[0,0,-1,1,0,0,0,0,0,0,0]*(s45*a3-s23*a3)
hexagonbox1[0,-1,0,0,0,0,0,1,0,0,0]*(-a7*s45-s34*a7)
hexagonbox1[0,0,0,0,-1,0,0,1,0,0,0]*(-a7*s23+a7*s51-s34*a7)
hexagonbox1[0,0,0,0,0,0,0,1,-1,0,0]*(a7*s45+s34*a7)
hexagonbox1[-1,0,0,0,0,0,0,1,0,0,0]*(a7*s23-a7*s51+s34*a7)

hexagonbox1[0,0,0,0,0,0,0,0,0,0,0]*(-a1*s45-a10*s12+s45*a9-a8*s45-a10*s23-s12*a3+a1*s23+a8*s12+a1*s12+a2*s45+a8*s23-s23*a3)
hexagonbox1[0,1,-1,0,0,0,0,0,0,0,0]*(a1*s45-a1*s23)
hexagonbox1[0,0,0,0,0,1,0,0,0,0,-1]*(s34*a5-s51*a5-a5*s12)
hexagonbox1[0,1,0,-1,0,0,0,0,0,0,0]*(-a1*s12)
hexagonbox1[0,1,0,0,0,0,0,0,0,0,0]*(a1*s23*s12)
hexagonbox1[0,-1,1,0,0,0,0,0,0,0,0]*(a2*s12-a2*s45)
hexagonbox1[0,0,0,0,0,1,0,0,0,0,0]*(-s51*a5*s12-s34*a5*s45+s51*a5*s45)
hexagonbox1[0,0,0,0,0,0,0,1,0,0,-1]*(a7*s23-a7*s51+s34*a7)
hexagonbox1[0,0,1,-1,0,0,0,0,0,0,0]*(-a2*s12)
hexagonbox1[0,-1,0,1,0,0,0,0,0,0,0]*(s12*a3-s45*a3)
hexagonbox1[0,0,-1,1,0,0,0,0,0,0,0]*(s45*a3+s23*a3)
hexagonbox1[0,0,0,1,0,0,0,0,0,0,0]*(-s23*s12*a3+s23*s45*a3)
hexagonbox1[0,0,0,0,0,0,0,0,0,0,1]*(-a10*s23*s12+a10*s23*s45)
hexagonbox1[0,0,0,0,0,0,0,1,0,-1,0]*(-a7*s23+a7*s51)
hexagonbox1[0,0,0,0,0,1,0,0,-1,0,0]*(-a5*s45-s34*a5+a5*s12)
hexagonbox1[0,0,0,0,0,1,0,0,0,-1,0]*(a5*s45+s51*a5)
hexagonbox1[0,0,0,0,0,0,0,0,0,-1,1]*(a10*s23+a10*s45)
hexagonbox1[0,0,-1,0,0,0,0,1,0,0,0]*(a7*s23-a7*s51)
hexagonbox1[0,0,0,0,0,0,0,0,-1,0,1]*(a10*s12-a10*s45)
hexagonbox1[0,-1,0,0,0,0,0,1,0,0,0]*(s34*a7)
hexagonbox1[0,0,0,-1,0,0,0,1,0,0,0]*(-a7*s23+a7*s51-s34*a7)
hexagonbox1[0,0,0,0,0,0,0,0,1,-1,0]*(a8*s45-a8*s23)
hexagonbox1[0,0,0,0,0,0,0,0,0,1,-1]*(-a9*s12)
hexagonbox1[0,0,0,0,0,0,0,0,1,0,-1]*(-a8*s12)
hexagonbox1[0,0,0,0,0,0,0,0,1,0,0]*(a8*s23*s12)
hexagonbox1[0,0,0,0,0,0,0,0,-1,1,0]*(-s45*a9+a9*s12)
hexagonbox1[0,0,0,0,0,0,0,1,-1,0,0]*(-s34*a7)

hexagonbox1[-1,1,0,0,0,0,0,0,0,0,0]*(a1*s45-a1*s23+a1*s51)
hexagonbox1[0,0,0,0,0,0,0,0,0,0,0]*(-a1*s45-a7*s23+s51*a5+a7*s51-s51*a8-a8*s45-a10*s23+a1*s23+a7*s45-a1*s51+a8*s23+a10*s45)
hexagonbox1[-1,0,1,0,0,0,0,0,0,0,0]*(s34*a2+a2*s45)
hexagonbox1[0,-1,1,0,0,0,0,0,0,0,0]*(-s34*a2-a2*s45)
hexagonbox1[0,0,1,0,0,0,0,0,0,0,0]*(-a2*s45*s12)
hexagonbox1[-1,0,0,1,0,0,0,0,0,0,0]*(s45*a3)
hexagonbox1[0,-1,0,1,0,0,0,0,0,0,0]*(-s45*a3)
hexagonbox1[0,0,0,1,0,0,0,0,0,0,0]*(-s45^2*a3+s23*s45*a3)
hexagonbox1[0,0,0,0,-1,1,0,0,0,0,0]*(a5*s45)
hexagonbox1[0,0,0,0,0,1,0,0,-1,0,0]*(-a5*s45)
hexagonbox1[0,0,0,0,0,1,0,0,0,0,0]*(s51*a5*s45)
hexagonbox1[0,0,0,0,-1,0,0,0,1,0,0]*(s51*a8+a8*s45-a8*s23)
hexagonbox1[0,0,0,0,0,0,-1,1,0,0,0]*(a7*s23-a7*s51-a7*s45)
hexagonbox1[0,0,0,0,-1,0,0,0,0,1,0]*(s45*a9+s34*a9)
hexagonbox1[0,0,0,0,0,0,0,0,-1,1,0]*(-s45*a9-s34*a9)
hexagonbox1[0,0,0,0,0,0,0,0,0,1,0]*(-s45*a9*s12)
hexagonbox1[0,0,0,0,-1,0,0,0,0,0,1]*(a10*s45)
hexagonbox1[0,0,0,0,0,0,0,0,-1,0,1]*(-a10*s45)
hexagonbox1[0,0,0,0,0,0,0,0,0,0,1]*(-a10*s45^2+a10*s23*s45)
hexagonbox1[0,0,0,0,0,-1,0,0,0,1,0]*(-a9*s12)
hexagonbox1[0,0,0,0,0,0,0,0,0,1,-1]*(a9*s12)
hexagonbox1[0,0,0,0,0,1,0,0,0,0,-1]*(-s51*a5)
hexagonbox1[0,0,1,0,0,-1,0,0,0,0,0]*(-a2*s12)
hexagonbox1[0,0,1,0,0,0,-1,0,0,0,0]*(-a2*s12)
hexagonbox1[0,0,1,0,0,0,0,-1,0,0,0]*(a2*s12)
hexagonbox1[0,0,1,0,0,0,0,0,0,0,-1]*(a2*s12)
hexagonbox1[0,0,0,0,0,-1,0,0,0,0,1]*(a10*s23-a10*s45)
hexagonbox1[0,0,0,1,0,0,0,0,0,0,-1]*(s45*a3-s23*a3)
hexagonbox1[0,0,0,1,0,-1,0,0,0,0,0]*(-s45*a3+s23*a3)
hexagonbox1[0,0,0,1,0,0,0,-1,0,0,0]*(s45*a3-s23*a3)
hexagonbox1[0,0,0,1,0,0,-1,0,0,0,0]*(-s45*a3+s23*a3)

hexagonbox1[-1,1,0,0,0,0,0,0,0,0,0]*(-a1*s45+a1*s23+a1*s12)
hexagonbox1[0,0,0,0,0,0,0,0,0,0,0]*(a2*s12+a1*s45+a8*s45+a10*s23-a1*s23-a8*s12-a1*s12-s45*a3-a8*s23+a9*s12+s23*a3-a10*s45)
hexagonbox1[-1,0,1,0,0,0,0,0,0,0,0]*(a2*s12-a2*s45)
hexagonbox1[0,-1,1,0,0,0,0,0,0,0,0]*(-a2*s12+a2*s45)
hexagonbox1[0,0,1,0,0,0,0,0,0,0,0]*(a2*s45*s12-a2*s12^2)
hexagonbox1[-1,0,0,1,0,0,0,0,0,0,0]*(s12*a3-s45*a3)
hexagonbox1[0,-1,0,1,0,0,0,0,0,0,0]*(-s12*a3+s45*a3)
hexagonbox1[0,0,0,1,0,0,0,0,0,0,0]*(s45^2*a3+s23*s12*a3-s45*s12*a3-s23*s45*a3)
hexagonbox1[0,0,0,0,-1,1,0,0,0,0,0]*(-a5*s45-s34*a5+a5*s12)
hexagonbox1[0,0,0,0,0,1,0,0,-1,0,0]*(a5*s45+s34*a5-a5*s12)
hexagonbox1[0,0,0,0,0,1,0,0,0,0,0]*(s51*a5*s12-s51*a5*s45)
hexagonbox1[0,0,0,0,-1,0,0,0,1,0,0]*(-a8*s45+a8*s12+a8*s23)
hexagonbox1[0,0,-1,0,0,0,0,1,0,0,0]*(-a7*s23+a7*s51+a7*s45)
hexagonbox1[0,0,0,0,-1,0,0,0,0,1,0]*(-s45*a9+a9*s12)
hexagonbox1[0,0,0,0,0,0,0,0,-1,1,0]*(s45*a9-a9*s12)
hexagonbox1[0,0,0,0,0,0,0,0,0,1,0]*(-a9*s12^2+s45*a9*s12)
hexagonbox1[0,0,0,0,-1,0,0,0,0,0,1]*(a10*s12-a10*s45)
hexagonbox1[0,0,0,0,0,0,0,0,-1,0,1]*(-a10*s12+a10*s45)
hexagonbox1[0,0,0,0,0,0,0,0,0,0,1]*(a10*s23*s12-a10*s45*s12+a10*s45^2-a10*s23*s45)
hexagonbox1[0,0,0,0,-1,0,0,1,0,0,0]*(-s34*a7)
hexagonbox1[0,-1,0,0,0,0,0,1,0,0,0]*(-s34*a7)
hexagonbox1[-1,0,0,0,0,0,0,1,0,0,0]*(s34*a7)
hexagonbox1[0,0,0,0,0,0,0,1,0,0,-1]*(-a7*s23+a7*s51+a7*s45)
hexagonbox1[0,0,1,-1,0,0,0,0,0,0,0]*(-a2*s12)
hexagonbox1[0,0,0,0,0,0,0,0,0,-1,1]*(-a10*s23+a10*s45)
hexagonbox1[0,0,0,0,0,1,0,0,0,0,-1]*(s51*a5)
hexagonbox1[0,0,0,0,0,1,0,0,0,-1,0]*(-s51*a5)
hexagonbox1[0,0,-1,1,0,0,0,0,0,0,0]*(s45*a3-s23*a3)
hexagonbox1[0,0,0,0,0,0,0,1,0,-1,0]*(a7*s23-a7*s51-a7*s45)
hexagonbox1[0,0,0,-1,0,0,0,1,0,0,0]*(a7*s23-a7*s51-a7*s45)
hexagonbox1[0,0,0,0,0,0,0,1,-1,0,0]*(s34*a7)
hexagonbox1[0,0,0,0,0,0,0,0,0,1,-1]*(-a9*s12)

hexagonbox1[0,1,-1,0,0,0,0,0,0,0,0]*(-a1*s45+a1*s23-a1*s51)
hexagonbox1[0,1,0,-1,0,0,0,0,0,0,0]*(a1*s45-a1*s23+a1*s51)
hexagonbox1[0,1,0,0,0,0,0,0,0,0,0]*(a1*s51*s12-a1*s51*s45-a1*s23*s12)
hexagonbox1[0,1,0,0,0,-1,0,0,0,0,0]*(a1*s45-a1*s23-a1*s12)
hexagonbox1[0,1,0,0,0,0,-1,0,0,0,0]*(a1*s45-a1*s23-a1*s12)
hexagonbox1[0,1,0,0,0,0,0,-1,0,0,0]*(-a1*s45+a1*s23+a1*s12)
hexagonbox1[0,1,0,0,0,0,0,0,0,0,-1]*(-a1*s45+a1*s23+a1*s12)
hexagonbox1[0,0,0,0,0,0,0,0,0,0,0]*(a5*s45+a10*s12+s34*a5-s45*a9-s34*a9-s34*a2-a2*s45+s45*a3-a5*s12+s34*a7)
hexagonbox1[0,0,0,0,0,0,-1,1,0,0,0]*(-s34*a7)
hexagonbox1[0,0,1,-1,0,0,0,0,0,0,0]*(s34*a2+a2*s45)
hexagonbox1[0,0,1,0,0,-1,0,0,0,0,0]*(-a2*s12+a2*s45)
hexagonbox1[0,0,1,0,0,0,-1,0,0,0,0]*(-a2*s12+a2*s45)
hexagonbox1[0,0,1,0,0,0,0,-1,0,0,0]*(a2*s12-a2*s45)
hexagonbox1[0,0,1,0,0,0,0,0,0,0,-1]*(a2*s12-a2*s45)
hexagonbox1[0,0,1,0,0,0,0,0,0,0,0]*(s34*a2*s12-s34*a2*s45)
hexagonbox1[0,0,-1,1,0,0,0,0,0,0,0]*(-s45*a3)
hexagonbox1[0,0,0,0,0,1,0,0,0,0,-1]*(-s34*a5+a5*s12)
hexagonbox1[0,0,0,1,0,-1,0,0,0,0,0]*(-s12*a3+s45*a3)
hexagonbox1[0,0,0,1,0,0,-1,0,0,0,0]*(-s12*a3+s45*a3)
hexagonbox1[0,0,0,1,0,0,0,-1,0,0,0]*(s12*a3-s45*a3)
hexagonbox1[0,0,0,1,0,0,0,0,0,0,-1]*(s12*a3-s45*a3)
hexagonbox1[0,0,0,0,0,1,0,0,0,-1,0]*(-a5*s45)
hexagonbox1[0,0,0,0,0,0,0,0,0,1,0]*(-s34*s45*a9+s34*a9*s12)
hexagonbox1[0,0,0,0,0,1,0,0,0,0,0]*(s34*a5*s45)
hexagonbox1[0,0,0,0,0,0,0,0,0,-1,1]*(-a10*s45)
hexagonbox1[0,0,0,0,0,-1,0,0,0,0,1]*(-a10*s12+a10*s45)
hexagonbox1[0,0,0,0,0,0,0,0,1,-1,0]*(-s51*a8-a8*s45+a8*s23)
hexagonbox1[0,0,0,0,0,0,0,0,1,0,-1]*(s51*a8+a8*s12)
hexagonbox1[0,0,0,0,0,0,0,0,1,0,0]*(s51*a8*s12-a8*s23*s12-s51*a8*s45)
hexagonbox1[0,0,0,0,0,-1,0,0,1,0,0]*(a8*s45-a8*s12-a8*s23)
hexagonbox1[0,0,0,0,0,0,0,0,0,1,-1]*(s34*a9+a9*s12)
hexagonbox1[0,0,0,0,0,-1,0,0,0,1,0]*(s45*a9-a9*s12)

hexagonbox1[0,0,0,0,0,0,0,0,0,0,0]*(a1*s45+a7*s23+a10*s12+s34*a5-s45*a9-s51*a5-a7*s51+s51*a8+a8*s45+a10*s23-a1*s23-s34*a9-s34*a2-a2*s45+a1*s51-a5*s12-a8*s23+s34*a7)
hexagonbox1[0,1,-1,0,0,0,0,0,0,0,0]*(-a1*s45+a1*s23-a1*s51)
hexagonbox1[0,1,0,0,0,-1,0,0,0,0,0]*(-a1*s12)
hexagonbox1[0,1,0,0,0,0,-1,0,0,0,0]*(-a1*s12)
hexagonbox1[0,1,0,0,0,0,0,-1,0,0,0]*(a1*s12)
hexagonbox1[0,1,0,0,0,0,0,0,0,0,-1]*(a1*s12)
hexagonbox1[0,1,0,0,0,0,0,0,0,0,0]*(a1*s51*s12-a1*s23*s12)
hexagonbox1[0,-1,1,0,0,0,0,0,0,0,0]*(s34*a2+a2*s45)
hexagonbox1[0,0,0,0,0,0,-1,1,0,0,0]*(-a7*s23+a7*s51-s34*a7)
hexagonbox1[0,0,1,0,0,-1,0,0,0,0,0]*(-a2*s12)
hexagonbox1[0,0,1,0,0,0,-1,0,0,0,0]*(-a2*s12)
hexagonbox1[0,0,1,0,0,0,0,-1,0,0,0]*(a2*s12)
hexagonbox1[0,0,1,0,0,0,0,0,0,0,-1]*(a2*s12)
hexagonbox1[0,0,1,0,0,0,0,0,0,0,0]*(s34*a2*s12)
hexagonbox1[0,-1,0,1,0,0,0,0,0,0,0]*(s45*a3)
hexagonbox1[0,0,-1,1,0,0,0,0,0,0,0]*(-s45*a3)
hexagonbox1[0,0,0,1,0,0,0,0,0,0,0]*(-s23*s45*a3)
hexagonbox1[0,0,0,1,0,-1,0,0,0,0,0]*(-s12*a3-s23*a3)
hexagonbox1[0,0,0,1,0,0,-1,0,0,0,0]*(-s12*a3-s23*a3)
hexagonbox1[0,0,0,1,0,0,0,-1,0,0,0]*(s12*a3+s23*a3)
hexagonbox1[0,0,0,1,0,0,0,0,0,0,-1]*(s12*a3+s23*a3)
hexagonbox1[0,0,0,0,0,1,0,0,-1,0,0]*(a5*s45)
hexagonbox1[0,0,0,0,0,1,0,0,0,-1,0]*(-a5*s45)
hexagonbox1[0,0,0,0,0,1,0,0,0,0,0]*(s34*a5*s45-s51*a5*s45)
hexagonbox1[0,0,0,0,0,1,0,0,0,0,-1]*(-s34*a5+s51*a5+a5*s12)
hexagonbox1[0,0,0,0,0,0,0,0,-1,0,1]*(a10*s45)
hexagonbox1[0,0,0,0,0,-1,0,0,0,0,1]*(-a10*s12-a10*s23)
hexagonbox1[0,0,0,0,0,0,0,0,1,-1,0]*(-s51*a8-a8*s45+a8*s23)
hexagonbox1[0,0,0,0,0,-1,0,0,1,0,0]*(-a8*s12)
hexagonbox1[0,0,0,0,0,0,0,0,1,0,-1]*(a8*s12)
hexagonbox1[0,0,0,0,0,0,0,0,1,0,0]*(s51*a8*s12-a8*s23*s12)
hexagonbox1[0,0,0,0,0,0,0,0,-1,1,0]*(s45*a9+s34*a9)
hexagonbox1[0,0,0,0,0,0,0,0,0,0,1]*(-a10*s23*s45)
hexagonbox1[0,0,0,0,0,-1,0,0,0,1,0]*(-a9*s12)
hexagonbox1[0,0,0,0,0,0,0,0,0,1,-1]*(a9*s12)
hexagonbox1[0,0,0,0,0,0,0,0,0,1,0]*(s34*a9*s12)
hexagonbox1[0,0,0,0,0,0,0,0,0,-1,1]*(-a10*s45)

