1
0 114
0 99
0 0 1 0 0 0 0 0 0 0 0 0 
0 0 0 0 0 1 0 0 0 0 0 0 
0 0 1 0 0 0 0 0 0 0 0 0 
0 0 1 0 0 0 0 0 0 0 0 0 
1 0 0 0 0 0 0 0 0 0 0 0 
0 1 0 0 0 0 0 0 0 0 0 0 
0 0 0 0 0 0 1 0 0 0 0 0 
0 0 1 0 0 0 0 0 0 0 0 0 
0 0 1 0 0 0 0 0 0 0 0 0 
0 0 1 0 0 0 0 0 0 0 0 0 
0 0 1 0 0 0 0 0 0 0 0 0 

0
0 153
0 105
0 0 0 1 0 0 0 0 0 0 0 0 
1 -1 0 1 0 0 0 0 0 0 0 s23-s45 
1 0 -1 1 0 0 0 0 0 0 0 -s45+s12 
1 0 0 0 0 0 0 0 0 0 0 0 
0 0 0 0 0 1 0 0 0 0 0 0 
0 0 0 0 1 0 0 0 0 0 0 0 
0 0 0 0 0 0 0 1 0 0 0 0 
0 0 0 0 0 0 1 0 0 0 0 0 
0 0 0 0 1 1 0 0 -1 0 0 s51 
0 0 0 0 1 1 0 0 0 -1 0 s34+s12 
0 0 0 0 1 1 0 0 0 0 -1 s45 

0
0 161
0 88
0 0 0 1 0 0 0 0 0 0 0 0 
1 -1 0 1 0 0 0 0 0 0 0 s23-s45 
1 0 -1 1 0 0 0 0 0 0 0 -s45+s12 
1 0 0 0 0 0 0 0 0 0 0 0 
0 0 0 0 0 1 0 0 0 0 0 0 
0 0 0 0 1 0 0 0 0 0 0 0 
0 0 0 0 0 0 0 1 0 0 0 0 
0 0 0 0 0 0 1 0 0 0 0 0 
0 0 0 0 1 1 0 0 -1 0 0 s51 
0 0 0 0 1 1 0 0 0 -1 0 s34+s12 
0 0 0 0 1 1 0 0 0 0 -1 s45 

0
0 169
0 89
0 0 0 1 0 0 0 0 0 0 0 0 
1 -1 0 1 0 0 0 0 0 0 0 s23-s45 
1 0 -1 1 0 0 0 0 0 0 0 -s45+s12 
1 0 0 0 0 0 0 0 0 0 0 0 
0 0 0 0 0 1 0 0 0 0 0 0 
0 0 0 0 1 0 0 0 0 0 0 0 
0 0 0 0 0 0 0 1 0 0 0 0 
0 0 0 0 0 0 1 0 0 0 0 0 
0 0 0 0 1 1 0 0 -1 0 0 s51 
0 0 0 0 1 1 0 0 0 -1 0 s34+s12 
0 0 0 0 1 1 0 0 0 0 -1 s45 

0
0 177
0 120
0 0 0 1 0 0 0 0 0 0 0 0 
1 -1 0 1 0 0 0 0 0 0 0 s23-s45 
1 0 -1 1 0 0 0 0 0 0 0 -s45+s12 
1 0 0 0 0 0 0 0 0 0 0 0 
0 0 0 0 0 1 0 0 0 0 0 0 
0 0 0 0 1 0 0 0 0 0 0 0 
0 0 0 0 0 0 0 1 0 0 0 0 
0 0 0 0 0 0 1 0 0 0 0 0 
0 0 0 0 1 1 0 0 -1 0 0 s51 
0 0 0 0 1 1 0 0 0 -1 0 s34+s12 
0 0 0 0 1 1 0 0 0 0 -1 s45 

1
0 180
0 156
1 0 0 0 0 0 0 0 0 0 0 0 
1 0 0 0 0 0 0 0 0 0 0 0 
0 0 0 0 1 0 0 0 0 0 0 0 
1 0 0 0 0 0 0 0 0 0 0 0 
0 0 1 0 0 0 0 0 0 0 0 0 
0 0 0 1 0 0 0 0 0 0 0 0 
1 0 0 0 0 0 0 0 0 0 0 0 
0 0 0 0 0 0 0 1 0 0 0 0 
1 0 0 0 0 0 0 0 0 0 0 0 
1 0 0 0 0 0 0 0 0 0 0 0 
1 0 0 0 0 0 0 0 0 0 0 0 

0
0 185
0 121
0 0 0 1 0 0 0 0 0 0 0 0 
1 -1 0 1 0 0 0 0 0 0 0 s23-s45 
1 0 -1 1 0 0 0 0 0 0 0 -s45+s12 
1 0 0 0 0 0 0 0 0 0 0 0 
0 0 0 0 0 1 0 0 0 0 0 0 
0 0 0 0 1 0 0 0 0 0 0 0 
0 0 0 0 0 0 0 1 0 0 0 0 
0 0 0 0 0 0 1 0 0 0 0 0 
0 0 0 0 1 1 0 0 -1 0 0 s51 
0 0 0 0 1 1 0 0 0 -1 0 s34+s12 
0 0 0 0 1 1 0 0 0 0 -1 s45 

1
0 210
0 147
0 0 1 0 0 0 0 0 0 0 0 0 
0 0 0 0 1 0 0 0 0 0 0 0 
0 0 1 0 0 0 0 0 0 0 0 0 
0 0 1 0 0 0 0 0 0 0 0 0 
0 0 0 0 0 0 0 1 0 0 0 0 
0 0 1 0 0 0 0 0 0 0 0 0 
1 0 0 0 0 0 0 0 0 0 0 0 
0 1 0 0 0 0 0 0 0 0 0 0 
0 0 1 0 0 0 0 0 0 0 0 0 
0 0 1 0 0 0 0 0 0 0 0 0 
0 0 1 0 0 0 0 0 0 0 0 0 

1
0 216
0 120
1 0 0 0 0 0 0 0 0 0 0 0 
1 0 0 0 0 0 0 0 0 0 0 0 
1 0 0 0 0 0 0 0 0 0 0 0 
0 0 0 1 0 0 0 0 0 0 0 0 
0 0 0 0 0 0 1 0 0 0 0 0 
1 0 0 0 0 0 0 0 0 0 0 0 
0 0 0 0 1 0 0 0 0 0 0 0 
0 0 0 0 0 1 0 0 0 0 0 0 
1 0 0 0 0 0 0 0 0 0 0 0 
1 0 0 0 0 0 0 0 0 0 0 0 
1 0 0 0 0 0 0 0 0 0 0 0 

1
0 217
0 121
1 0 0 0 0 0 0 0 0 0 0 0 
0 1 0 0 0 0 0 0 0 0 0 0 
0 1 0 0 0 0 0 0 0 0 0 0 
0 0 0 1 0 0 0 0 0 0 0 0 
0 0 0 0 0 0 1 0 0 0 0 0 
0 1 0 0 0 0 0 0 0 0 0 0 
0 0 0 0 1 0 0 0 0 0 0 0 
0 0 0 0 0 1 0 0 0 0 0 0 
0 1 0 0 0 0 0 0 0 0 0 0 
0 1 0 0 0 0 0 0 0 0 0 0 
0 1 0 0 0 0 0 0 0 0 0 0 

1
0 225
0 120
0 0 0 1 0 0 0 0 0 0 0 0 
1 0 0 0 0 0 0 0 0 0 0 0 
1 0 0 0 0 0 0 0 0 0 0 0 
1 0 0 0 0 0 0 0 0 0 0 0 
1 0 0 0 0 0 0 0 0 0 0 0 
0 0 0 0 0 0 1 0 0 0 0 0 
0 0 0 0 0 1 0 0 0 0 0 0 
0 0 0 0 1 0 0 0 0 0 0 0 
1 0 0 0 0 0 0 0 0 0 0 0 
1 0 0 0 0 0 0 0 0 0 0 0 
1 0 0 0 0 0 0 0 0 0 0 0 

1
0 228
0 108
1 0 0 0 0 0 0 0 0 0 0 0 
1 0 0 0 0 0 0 0 0 0 0 0 
0 0 0 0 0 1 0 0 0 0 0 0 
1 0 0 0 0 0 0 0 0 0 0 0 
1 0 0 0 0 0 0 0 0 0 0 0 
0 0 0 0 0 0 1 0 0 0 0 0 
0 0 1 0 0 0 0 0 0 0 0 0 
0 0 0 1 0 0 0 0 0 0 0 0 
1 0 0 0 0 0 0 0 0 0 0 0 
1 0 0 0 0 0 0 0 0 0 0 0 
1 0 0 0 0 0 0 0 0 0 0 0 

1
0 233
0 121
0 0 0 1 0 0 0 0 0 0 0 0 
0 1 0 0 0 0 0 0 0 0 0 0 
0 1 0 0 0 0 0 0 0 0 0 0 
1 0 0 0 0 0 0 0 0 0 0 0 
0 1 0 0 0 0 0 0 0 0 0 0 
0 0 0 0 0 0 1 0 0 0 0 0 
0 0 0 0 0 1 0 0 0 0 0 0 
0 0 0 0 1 0 0 0 0 0 0 0 
0 1 0 0 0 0 0 0 0 0 0 0 
0 1 0 0 0 0 0 0 0 0 0 0 
0 1 0 0 0 0 0 0 0 0 0 0 

0
0 248
0 241
0 0 0 1 0 0 0 0 0 0 0 0 
1 -1 0 1 0 0 0 0 0 0 0 s23-s45 
1 0 -1 1 0 0 0 0 0 0 0 -s45+s12 
1 0 0 0 0 0 0 0 0 0 0 0 
0 0 0 0 0 1 0 0 0 0 0 0 
0 0 0 0 1 0 0 0 0 0 0 0 
0 0 0 0 0 0 0 1 0 0 0 0 
0 0 0 0 0 0 1 0 0 0 0 0 
0 0 0 0 1 1 0 0 -1 0 0 s51 
0 0 0 0 1 1 0 0 0 -1 0 s34+s12 
0 0 0 0 1 1 0 0 0 0 -1 s45 

0
0 328
0 162
-1 1 0 1 0 0 0 0 0 0 0 -s23+s45 
0 0 0 1 0 0 0 0 0 0 0 0 
0 1 -1 1 0 0 0 0 0 0 0 -s23 
0 1 0 0 0 0 0 0 0 0 0 0 
-1 1 0 0 1 0 0 1 -1 0 0 s51-s23+s45 
0 1 0 -1 0 0 -1 2 -1 0 1 2*s51-s23 
0 0 0 0 0 1 0 0 0 0 0 0 
0 0 0 0 0 2 0 0 0 0 -1 0 
0 0 0 0 0 0 0 1 0 0 0 0 
0 1 -1 0 0 0 0 1 -1 1 0 -s34+s51-s23 
0 1 0 -1 0 0 0 1 -1 0 1 s51 

0
0 330
0 170
-1 1 0 1 0 0 0 0 0 0 0 -s23+s45 
0 0 0 1 0 0 0 0 0 0 0 0 
0 1 -1 1 0 0 0 0 0 0 0 -s23 
0 1 0 0 0 0 0 0 0 0 0 0 
-1 1 0 0 1 0 0 1 -1 0 0 s51-s23+s45 
0 1 0 -1 0 0 -1 2 -1 0 1 2*s51-s23 
0 0 0 0 0 1 0 0 0 0 0 0 
0 0 0 0 0 2 0 0 0 0 -1 0 
0 0 0 0 0 0 0 1 0 0 0 0 
0 1 -1 0 0 0 0 1 -1 1 0 -s34+s51-s23 
0 1 0 -1 0 0 0 1 -1 0 1 s51 

1
0 332
0 166
1 0 0 0 0 0 0 0 0 0 0 0 
1 0 0 0 0 0 0 0 0 0 0 0 
0 0 1 0 0 0 0 0 0 0 0 0 
0 1 0 0 0 0 0 0 0 0 0 0 
1 0 0 0 0 0 0 0 0 0 0 0 
1 0 0 0 0 0 0 0 0 0 0 0 
0 0 0 0 0 1 0 0 0 0 0 0 
1 0 0 0 0 0 0 0 0 0 0 0 
0 0 0 0 0 0 0 1 0 0 0 0 
1 0 0 0 0 0 0 0 0 0 0 0 
1 0 0 0 0 0 0 0 0 0 0 0 

1
0 334
0 174
1 0 0 0 0 0 0 0 0 0 0 0 
0 0 0 1 0 0 0 0 0 0 0 0 
0 0 1 0 0 0 0 0 0 0 0 0 
0 1 0 0 0 0 0 0 0 0 0 0 
1 0 0 0 0 0 0 0 0 0 0 0 
1 0 0 0 0 0 0 0 0 0 0 0 
0 0 0 0 0 1 0 0 0 0 0 0 
1 0 0 0 0 0 0 0 0 0 0 0 
0 0 0 0 0 0 0 1 0 0 0 0 
1 0 0 0 0 0 0 0 0 0 0 0 
1 0 0 0 0 0 0 0 0 0 0 0 

1
0 340
0 86
1 0 0 0 0 0 0 0 0 0 0 0 
1 0 0 0 0 0 0 0 0 0 0 0 
0 0 0 0 1 0 0 0 0 0 0 0 
1 0 0 0 0 0 0 0 0 0 0 0 
0 0 1 0 0 0 0 0 0 0 0 0 
1 0 0 0 0 0 0 0 0 0 0 0 
0 0 0 0 0 0 1 0 0 0 0 0 
1 0 0 0 0 0 0 0 0 0 0 0 
0 1 0 0 0 0 0 0 0 0 0 0 
1 0 0 0 0 0 0 0 0 0 0 0 
1 0 0 0 0 0 0 0 0 0 0 0 

0
0 344
0 163
0 0 0 0 1 1 0 0 0 0 -1 s45 
0 0 0 0 0 1 0 0 1 0 -1 -s51+s23 
0 0 0 0 0 1 0 0 0 1 -1 -s34 
0 0 0 0 0 1 0 0 0 0 0 0 
1 0 0 0 0 0 0 0 0 0 0 0 
0 0 0 1 0 1 1 -1 0 0 -1 0 
0 0 0 0 0 0 0 1 0 0 0 0 
0 0 0 0 0 0 1 0 0 0 0 0 
0 1 0 0 0 0 0 0 0 0 0 0 
0 0 1 0 0 0 0 0 0 0 0 0 
0 0 0 1 0 0 0 0 0 0 0 0 

0
0 392
0 98
-1 1 0 1 0 0 0 0 0 0 0 -s23+s45 
0 0 0 1 0 0 0 0 0 0 0 0 
0 1 -1 1 0 0 0 0 0 0 0 -s23 
0 1 0 0 0 0 0 0 0 0 0 0 
-1 1 0 0 1 0 1 0 -1 0 0 0 
0 1 0 -1 0 0 0 1 -1 0 1 s51 
0 0 0 0 0 0 0 0 0 0 1 0 
0 0 0 0 0 1 0 0 0 0 0 0 
0 0 0 0 0 0 1 0 0 0 0 0 
0 1 -1 0 0 0 1 0 -1 1 0 0 
0 1 0 -1 0 0 1 0 -1 0 1 s23 

0
0 394
0 106
-1 1 0 1 0 0 0 0 0 0 0 -s23+s45 
0 0 0 1 0 0 0 0 0 0 0 0 
0 1 -1 1 0 0 0 0 0 0 0 -s23 
0 1 0 0 0 0 0 0 0 0 0 0 
-1 1 0 0 1 0 1 0 -1 0 0 0 
0 1 0 -1 0 0 0 1 -1 0 1 s51 
0 0 0 0 0 0 0 0 0 0 1 0 
0 0 0 0 0 1 0 0 0 0 0 0 
0 0 0 0 0 0 1 0 0 0 0 0 
0 1 -1 0 0 0 1 0 -1 1 0 0 
0 1 0 -1 0 0 1 0 -1 0 1 s23 

0
0 401
0 387
0 0 0 0 0 0 0 1 0 0 0 0 
1 -1 0 0 -1 0 0 1 1 0 0 -s51+s23-s45 
1 0 -1 0 -1 0 0 1 0 1 0 -s34-s45+s12 
1 0 0 -1 -1 0 0 1 0 0 1 0 
0 1 0 0 0 0 0 0 0 0 0 0 
1 1 0 -1 0 -1 -1 1 0 0 1 s51 
0 0 0 0 0 1 0 0 1 0 -1 -s51+s23 
0 0 0 0 0 0 0 0 1 0 0 0 
1 0 0 0 0 0 0 0 0 0 0 0 
1 1 -1 0 0 0 0 0 0 0 0 s12 
1 1 0 -1 0 0 0 0 0 0 0 s23+s45 

0
0 402
0 147
0 0 0 0 0 0 0 0 1 0 0 0 
0 0 0 0 1 0 0 0 0 0 0 0 
0 0 0 0 1 0 0 0 1 -1 0 s12 
0 0 0 0 1 0 0 0 1 0 -1 s23+s45 
0 1 0 0 0 0 0 0 0 0 0 0 
1 1 0 -1 0 -1 -1 1 0 0 1 s51 
0 0 0 0 0 0 1 0 0 0 0 0 
0 0 0 0 0 0 0 1 0 0 0 0 
1 0 0 0 0 0 0 0 0 0 0 0 
1 1 -1 0 0 0 0 0 0 0 0 s12 
1 1 0 -1 0 0 0 0 0 0 0 s23+s45 

0
0 408
0 99
0 0 0 0 1 1 0 0 0 0 -1 s45 
0 0 0 0 0 1 0 0 1 0 -1 -s51+s23 
0 0 0 0 0 1 0 0 0 1 -1 -s34 
0 0 0 0 0 1 0 0 0 0 0 0 
1 0 0 0 0 0 0 0 0 0 0 0 
0 0 0 1 0 1 1 -1 0 0 -1 0 
0 0 0 0 0 0 0 1 0 0 0 0 
0 0 0 0 0 0 1 0 0 0 0 0 
0 1 0 0 0 0 0 0 0 0 0 0 
0 0 1 0 0 0 0 0 0 0 0 0 
0 0 0 1 0 0 0 0 0 0 0 0 

0
0 418
0 360
-1 1 0 1 0 0 0 0 0 0 0 -s23+s45 
0 0 0 1 0 0 0 0 0 0 0 0 
0 1 -1 1 0 0 0 0 0 0 0 -s23 
0 1 0 0 0 0 0 0 0 0 0 0 
0 0 0 0 -1 1 0 0 1 0 0 -s51 
0 0 0 0 0 0 0 0 1 0 0 0 
0 0 0 0 0 0 0 1 0 0 0 0 
0 0 0 0 0 0 1 0 0 0 0 0 
0 0 0 0 0 1 0 0 0 0 0 0 
0 0 0 0 0 1 0 0 1 -1 0 s34-s51 
0 0 0 0 0 1 0 0 1 0 -1 -s51+s23 

0
0 424
0 354
-1 1 0 1 0 0 0 0 0 0 0 -s23+s45 
0 0 0 1 0 0 0 0 0 0 0 0 
0 1 -1 1 0 0 0 0 0 0 0 -s23 
0 1 0 0 0 0 0 0 0 0 0 0 
0 0 0 0 -1 1 0 0 1 0 0 -s51 
0 0 0 0 0 0 0 0 1 0 0 0 
0 0 0 0 0 0 0 1 0 0 0 0 
0 0 0 0 0 0 1 0 0 0 0 0 
0 0 0 0 0 1 0 0 0 0 0 0 
0 0 0 0 0 1 0 0 1 -1 0 s34-s51 
0 0 0 0 0 1 0 0 1 0 -1 -s51+s23 

0
0 426
0 362
-1 1 0 1 0 0 0 0 0 0 0 -s23+s45 
0 0 0 1 0 0 0 0 0 0 0 0 
0 1 -1 1 0 0 0 0 0 0 0 -s23 
0 1 0 0 0 0 0 0 0 0 0 0 
0 0 0 0 -1 1 0 0 1 0 0 -s51 
0 0 0 0 0 0 0 0 1 0 0 0 
0 0 0 0 0 0 0 1 0 0 0 0 
0 0 0 0 0 0 1 0 0 0 0 0 
0 0 0 0 0 1 0 0 0 0 0 0 
0 0 0 0 0 1 0 0 1 -1 0 s34-s51 
0 0 0 0 0 1 0 0 1 0 -1 -s51+s23 

1
0 440
0 370
1 0 0 0 0 0 0 0 0 0 0 0 
1 0 0 0 0 0 0 0 0 0 0 0 
1 0 0 0 0 0 0 0 0 0 0 0 
0 1 0 0 0 0 0 0 0 0 0 0 
0 0 0 0 1 0 0 0 0 0 0 0 
0 0 0 0 0 0 0 0 1 0 0 0 
1 0 0 0 0 0 0 0 0 0 0 0 
0 0 0 0 0 0 1 0 0 0 0 0 
0 0 0 0 0 1 0 0 0 0 0 0 
1 0 0 0 0 0 0 0 0 0 0 0 
1 0 0 0 0 0 0 0 0 0 0 0 

1
0 449
0 387
0 0 0 0 0 0 0 1 0 0 0 0 
0 0 1 0 0 0 0 0 0 0 0 0 
0 0 1 0 0 0 0 0 0 0 0 0 
0 0 1 0 0 0 0 0 0 0 0 0 
0 0 1 0 0 0 0 0 0 0 0 0 
0 0 1 0 0 0 0 0 0 0 0 0 
0 1 0 0 0 0 0 0 0 0 0 0 
1 0 0 0 0 0 0 0 0 0 0 0 
0 0 0 0 0 0 0 0 1 0 0 0 
0 0 1 0 0 0 0 0 0 0 0 0 
0 0 1 0 0 0 0 0 0 0 0 0 

1
0 452
0 390
1 0 0 0 0 0 0 0 0 0 0 0 
1 0 0 0 0 0 0 0 0 0 0 0 
0 0 0 0 0 0 0 1 0 0 0 0 
1 0 0 0 0 0 0 0 0 0 0 0 
1 0 0 0 0 0 0 0 0 0 0 0 
1 0 0 0 0 0 0 0 0 0 0 0 
0 1 0 0 0 0 0 0 0 0 0 0 
0 0 1 0 0 0 0 0 0 0 0 0 
0 0 0 0 0 0 0 0 1 0 0 0 
1 0 0 0 0 0 0 0 0 0 0 0 
1 0 0 0 0 0 0 0 0 0 0 0 

0
0 456
0 226
-1 1 0 1 0 0 0 0 0 0 0 -s23+s45 
0 0 0 1 0 0 0 0 0 0 0 0 
0 1 -1 1 0 0 0 0 0 0 0 -s23 
0 1 0 0 0 0 0 0 0 0 0 0 
0 0 0 0 -1 1 0 0 1 0 0 -s51 
0 0 0 0 0 0 0 0 1 0 0 0 
0 0 0 0 0 0 0 1 0 0 0 0 
0 0 0 0 0 0 1 0 0 0 0 0 
0 0 0 0 0 1 0 0 0 0 0 0 
0 0 0 0 0 1 0 0 1 -1 0 s34-s51 
0 0 0 0 0 1 0 0 1 0 -1 -s51+s23 

0
0 458
0 234
-1 1 0 1 0 0 0 0 0 0 0 -s23+s45 
0 0 0 1 0 0 0 0 0 0 0 0 
0 1 -1 1 0 0 0 0 0 0 0 -s23 
0 1 0 0 0 0 0 0 0 0 0 0 
0 0 0 0 -1 1 0 0 1 0 0 -s51 
0 0 0 0 0 0 0 0 1 0 0 0 
0 0 0 0 0 0 0 1 0 0 0 0 
0 0 0 0 0 0 1 0 0 0 0 0 
0 0 0 0 0 1 0 0 0 0 0 0 
0 0 0 0 0 1 0 0 1 -1 0 s34-s51 
0 0 0 0 0 1 0 0 1 0 -1 -s51+s23 

0
0 465
0 451
0 0 0 0 0 0 0 0 1 0 0 0 
0 0 0 0 1 0 0 0 0 0 0 0 
0 0 0 0 1 0 0 0 1 -1 0 s12 
0 0 0 0 1 0 0 0 1 0 -1 s23+s45 
0 1 0 0 0 0 0 0 0 0 0 0 
1 1 0 -1 0 -1 -1 1 0 0 1 s51 
0 0 0 0 0 0 1 0 0 0 0 0 
0 0 0 0 0 0 0 1 0 0 0 0 
1 0 0 0 0 0 0 0 0 0 0 0 
1 1 -1 0 0 0 0 0 0 0 0 s12 
1 1 0 -1 0 0 0 0 0 0 0 s23+s45 

0
0 466
0 211
0 0 0 0 0 0 0 0 1 0 0 0 
0 0 0 0 1 0 0 0 0 0 0 0 
0 0 0 0 1 0 0 0 1 -1 0 s12 
0 0 0 0 1 0 0 0 1 0 -1 s23+s45 
0 1 0 0 0 0 0 0 0 0 0 0 
1 1 0 -1 0 -1 -1 1 0 0 1 s51 
0 0 0 0 0 0 1 0 0 0 0 0 
0 0 0 0 0 0 0 1 0 0 0 0 
1 0 0 0 0 0 0 0 0 0 0 0 
1 1 -1 0 0 0 0 0 0 0 0 s12 
1 1 0 -1 0 0 0 0 0 0 0 s23+s45 

0
0 472
0 227
0 0 0 0 1 1 0 0 0 0 -1 s45 
0 0 0 0 0 1 0 0 1 0 -1 -s51+s23 
0 0 0 0 0 1 0 0 0 1 -1 -s34 
0 0 0 0 0 1 0 0 0 0 0 0 
1 0 0 0 0 0 0 0 0 0 0 0 
0 0 0 1 0 1 1 -1 0 0 -1 0 
0 0 0 0 0 0 0 1 0 0 0 0 
0 0 0 0 0 0 1 0 0 0 0 0 
0 1 0 0 0 0 0 0 0 0 0 0 
0 0 1 0 0 0 0 0 0 0 0 0 
0 0 0 1 0 0 0 0 0 0 0 0 

0
0 488
0 482
-1 1 0 1 0 0 0 0 0 0 0 -s23+s45 
0 0 0 1 0 0 0 0 0 0 0 0 
0 1 -1 1 0 0 0 0 0 0 0 -s23 
0 1 0 0 0 0 0 0 0 0 0 0 
0 0 0 0 -1 1 0 0 1 0 0 -s51 
0 0 0 0 0 0 0 0 1 0 0 0 
0 0 0 0 0 0 0 1 0 0 0 0 
0 0 0 0 0 0 1 0 0 0 0 0 
0 0 0 0 0 1 0 0 0 0 0 0 
0 0 0 0 0 1 0 0 1 -1 0 s34-s51 
0 0 0 0 0 1 0 0 1 0 -1 -s51+s23 

0
0 577
0 84
0 0 1 0 0 0 0 0 0 0 0 0 
1 -1 1 0 0 0 0 0 0 0 0 -s12 
1 0 0 0 0 0 0 0 0 0 0 0 
1 0 1 -1 0 0 0 0 0 0 0 s45-s12 
-1 0 1 0 1 0 1 0 0 -1 0 s12 
0 0 1 -1 0 0 0 1 0 -1 1 s34 
0 0 0 0 1 0 0 0 0 0 0 0 
0 0 0 0 1 1 0 0 0 0 -1 s45 
0 -1 1 0 0 0 1 0 1 -1 0 0 
0 0 0 0 0 0 1 0 0 0 0 0 
0 0 1 -1 0 0 1 0 0 -1 1 0 

1
0 579
0 86
0 0 1 0 0 0 0 0 0 0 0 0 
0 1 0 0 0 0 0 0 0 0 0 0 
1 0 0 0 0 0 0 0 0 0 0 0 
1 0 0 0 0 0 0 0 0 0 0 0 
1 0 0 0 0 0 0 0 0 0 0 0 
1 0 0 0 0 0 0 0 0 0 0 0 
0 0 0 0 1 0 0 0 0 0 0 0 
1 0 0 0 0 0 0 0 0 0 0 0 
1 0 0 0 0 0 0 0 0 0 0 0 
0 0 0 0 0 0 1 0 0 0 0 0 
1 0 0 0 0 0 0 0 0 0 0 0 

0
0 581
0 85
0 0 1 0 0 0 0 0 0 0 0 0 
1 -1 1 0 0 0 0 0 0 0 0 -s12 
1 0 0 0 0 0 0 0 0 0 0 0 
1 0 1 -1 0 0 0 0 0 0 0 s45-s12 
-1 0 1 0 1 0 1 0 0 -1 0 s12 
0 0 1 -1 0 0 0 1 0 -1 1 s34 
0 0 0 0 1 0 0 0 0 0 0 0 
0 0 0 0 1 1 0 0 0 0 -1 s45 
0 -1 1 0 0 0 1 0 1 -1 0 0 
0 0 0 0 0 0 1 0 0 0 0 0 
0 0 1 -1 0 0 1 0 0 -1 1 0 

1
0 583
0 87
0 0 1 0 0 0 0 0 0 0 0 0 
0 1 0 0 0 0 0 0 0 0 0 0 
1 0 0 0 0 0 0 0 0 0 0 0 
0 0 0 1 0 0 0 0 0 0 0 0 
0 0 0 1 0 0 0 0 0 0 0 0 
0 0 0 1 0 0 0 0 0 0 0 0 
0 0 0 0 1 0 0 0 0 0 0 0 
0 0 0 1 0 0 0 0 0 0 0 0 
0 0 0 1 0 0 0 0 0 0 0 0 
0 0 0 0 0 0 1 0 0 0 0 0 
0 0 0 1 0 0 0 0 0 0 0 0 

0
0 593
0 85
0 0 0 0 1 0 0 0 0 0 0 0 
0 0 0 0 0 0 0 0 1 0 0 0 
0 0 0 0 0 0 0 0 0 1 0 0 
0 0 0 0 0 0 0 0 0 0 1 0 
1 0 0 0 0 0 0 0 0 0 0 0 
0 0 0 1 0 1 1 -1 0 0 -1 0 
0 0 0 0 0 0 1 0 0 0 0 0 
0 0 0 0 0 0 2 -1 0 0 0 0 
0 1 0 0 0 0 0 0 0 0 0 0 
0 0 1 0 0 0 0 0 0 0 0 0 
0 0 0 1 0 0 0 0 0 0 0 0 

0
0 594
0 325
1 -1 0 0 -1 0 1 0 1 0 0 0 
0 0 0 0 0 0 1 0 0 0 0 0 
0 -1 1 0 0 0 1 0 1 -1 0 0 
0 -1 0 1 0 0 1 0 1 0 -1 s23 
1 0 0 0 0 0 0 0 0 0 0 0 
0 0 0 1 0 1 1 -1 0 0 -1 0 
0 0 0 0 0 0 0 0 1 0 0 0 
0 0 0 0 0 1 0 0 1 0 -1 -s51+s23 
0 1 0 0 0 0 0 0 0 0 0 0 
0 0 1 0 0 0 0 0 0 0 0 0 
0 0 0 1 0 0 0 0 0 0 0 0 

0
0 595
0 341
0 0 0 0 1 0 0 0 0 0 0 0 
0 0 0 0 0 0 0 0 1 0 0 0 
0 0 0 0 0 0 0 0 0 1 0 0 
0 0 0 0 0 0 0 0 0 0 1 0 
1 0 0 0 0 0 0 0 0 0 0 0 
0 0 0 1 0 1 1 -1 0 0 -1 0 
0 0 0 0 0 0 1 0 0 0 0 0 
0 0 0 0 0 0 2 -1 0 0 0 0 
0 1 0 0 0 0 0 0 0 0 0 0 
0 0 1 0 0 0 0 0 0 0 0 0 
0 0 0 1 0 0 0 0 0 0 0 0 

0
0 596
0 85
0 0 0 0 0 0 0 0 0 1 0 0 
0 0 0 0 1 0 0 0 -1 1 0 -s12 
0 0 0 0 1 0 0 0 0 0 0 0 
0 0 0 0 1 0 0 0 0 1 -1 s45-s12 
0 0 1 0 0 0 0 0 0 0 0 0 
1 0 1 -1 0 -1 -1 1 0 0 1 s34-s12 
0 0 0 0 0 0 1 0 0 0 0 0 
0 0 0 0 0 0 0 1 0 0 0 0 
1 -1 1 0 0 0 0 0 0 0 0 -s12 
1 0 0 0 0 0 0 0 0 0 0 0 
1 0 1 -1 0 0 0 0 0 0 0 s45-s12 

1
0 598
0 341
0 1 0 0 0 0 0 0 0 0 0 0 
0 0 0 0 0 0 0 0 1 0 0 0 
0 0 0 0 1 0 0 0 0 0 0 0 
0 1 0 0 0 0 0 0 0 0 0 0 
0 0 1 0 0 0 0 0 0 0 0 0 
0 1 0 0 0 0 0 0 0 0 0 0 
0 0 0 0 0 0 1 0 0 0 0 0 
0 1 0 0 0 0 0 0 0 0 0 0 
0 1 0 0 0 0 0 0 0 0 0 0 
1 0 0 0 0 0 0 0 0 0 0 0 
0 1 0 0 0 0 0 0 0 0 0 0 

0
0 600
0 165
0 0 0 0 1 1 0 0 0 0 -1 s45 
0 0 0 0 0 1 0 0 1 0 -1 -s51+s23 
0 0 0 0 0 1 0 0 0 1 -1 -s34 
0 0 0 0 0 1 0 0 0 0 0 0 
1 0 0 0 0 0 0 0 0 0 0 0 
0 0 0 1 0 1 1 -1 0 0 -1 0 
0 0 0 0 0 0 0 1 0 0 0 0 
0 0 0 0 0 0 1 0 0 0 0 0 
0 1 0 0 0 0 0 0 0 0 0 0 
0 0 1 0 0 0 0 0 0 0 0 0 
0 0 0 1 0 0 0 0 0 0 0 0 

0
0 648
0 100
-1 0 1 1 0 0 0 0 0 0 0 s45+s12 
0 -1 1 1 0 0 0 0 0 0 0 s23 
0 0 0 1 0 0 0 0 0 0 0 0 
0 0 1 0 0 0 0 0 0 0 0 0 
-1 0 1 0 1 0 1 0 0 -1 0 s12 
0 0 1 -1 0 0 0 1 0 -1 1 s34 
0 0 0 0 0 0 0 0 0 0 1 0 
0 0 0 0 0 1 0 0 0 0 0 0 
0 -1 1 0 0 0 1 0 1 -1 0 0 
0 0 0 0 0 0 1 0 0 0 0 0 
0 0 1 -1 0 0 1 0 0 -1 1 0 

0
0 652
0 108
-1 0 1 1 0 0 0 0 0 0 0 s45+s12 
0 -1 1 1 0 0 0 0 0 0 0 s23 
0 0 0 1 0 0 0 0 0 0 0 0 
0 0 1 0 0 0 0 0 0 0 0 0 
-1 0 1 0 1 0 1 0 0 -1 0 s12 
0 0 1 -1 0 0 0 1 0 -1 1 s34 
0 0 0 0 0 0 0 0 0 0 1 0 
0 0 0 0 0 1 0 0 0 0 0 0 
0 -1 1 0 0 0 1 0 1 -1 0 0 
0 0 0 0 0 0 1 0 0 0 0 0 
0 0 1 -1 0 0 1 0 0 -1 1 0 

0
0 657
0 645
0 0 0 0 0 0 0 1 0 0 0 0 
1 -1 0 0 -1 0 0 1 1 0 0 -s51+s23-s45 
1 0 -1 0 -1 0 0 1 0 1 0 -s34-s45+s12 
1 0 0 -1 -1 0 0 1 0 0 1 0 
0 0 1 0 0 0 0 0 0 0 0 0 
1 0 1 -1 0 -1 -1 1 0 0 1 s34-s12 
0 0 0 0 0 1 0 0 0 1 -1 -s34 
0 0 0 0 0 0 0 0 0 1 0 0 
1 -1 1 0 0 0 0 0 0 0 0 -s12 
1 0 0 0 0 0 0 0 0 0 0 0 
1 0 1 -1 0 0 0 0 0 0 0 s45-s12 

0
0 660
0 149
0 0 0 0 0 0 0 0 0 1 0 0 
0 0 0 0 1 0 0 0 -1 1 0 -s12 
0 0 0 0 1 0 0 0 0 0 0 0 
0 0 0 0 1 0 0 0 0 1 -1 s45-s12 
0 0 1 0 0 0 0 0 0 0 0 0 
1 0 1 -1 0 -1 -1 1 0 0 1 s34-s12 
0 0 0 0 0 0 1 0 0 0 0 0 
0 0 0 0 0 0 0 1 0 0 0 0 
1 -1 1 0 0 0 0 0 0 0 0 -s12 
1 0 0 0 0 0 0 0 0 0 0 0 
1 0 1 -1 0 0 0 0 0 0 0 s45-s12 

0
0 664
0 101
0 0 0 0 1 1 0 0 0 0 -1 s45 
0 0 0 0 0 1 0 0 1 0 -1 -s51+s23 
0 0 0 0 0 1 0 0 0 1 -1 -s34 
0 0 0 0 0 1 0 0 0 0 0 0 
1 0 0 0 0 0 0 0 0 0 0 0 
0 0 0 1 0 1 1 -1 0 0 -1 0 
0 0 0 0 0 0 0 1 0 0 0 0 
0 0 0 0 0 0 1 0 0 0 0 0 
0 1 0 0 0 0 0 0 0 0 0 0 
0 0 1 0 0 0 0 0 0 0 0 0 
0 0 0 1 0 0 0 0 0 0 0 0 

0
0 676
0 616
-1 0 1 1 0 0 0 0 0 0 0 s45+s12 
0 -1 1 1 0 0 0 0 0 0 0 s23 
0 0 0 1 0 0 0 0 0 0 0 0 
0 0 1 0 0 0 0 0 0 0 0 0 
0 0 0 0 -1 1 0 0 0 1 0 -s34+s12 
0 0 0 0 0 0 0 0 0 1 0 0 
0 0 0 0 0 0 0 1 0 0 0 0 
0 0 0 0 0 0 1 0 0 0 0 0 
0 0 0 0 0 1 0 0 -1 1 0 -s34+s51 
0 0 0 0 0 1 0 0 0 0 0 0 
0 0 0 0 0 1 0 0 0 1 -1 -s34 

0
0 680
0 612
-1 0 1 1 0 0 0 0 0 0 0 s45+s12 
0 -1 1 1 0 0 0 0 0 0 0 s23 
0 0 0 1 0 0 0 0 0 0 0 0 
0 0 1 0 0 0 0 0 0 0 0 0 
0 0 0 0 -1 1 0 0 0 1 0 -s34+s12 
0 0 0 0 0 0 0 0 0 1 0 0 
0 0 0 0 0 0 0 1 0 0 0 0 
0 0 0 0 0 0 1 0 0 0 0 0 
0 0 0 0 0 1 0 0 -1 1 0 -s34+s51 
0 0 0 0 0 1 0 0 0 0 0 0 
0 0 0 0 0 1 0 0 0 1 -1 -s34 

0
0 684
0 620
-1 0 1 1 0 0 0 0 0 0 0 s45+s12 
0 -1 1 1 0 0 0 0 0 0 0 s23 
0 0 0 1 0 0 0 0 0 0 0 0 
0 0 1 0 0 0 0 0 0 0 0 0 
0 0 0 0 -1 1 0 0 0 1 0 -s34+s12 
0 0 0 0 0 0 0 0 0 1 0 0 
0 0 0 0 0 0 0 1 0 0 0 0 
0 0 0 0 0 0 1 0 0 0 0 0 
0 0 0 0 0 1 0 0 -1 1 0 -s34+s51 
0 0 0 0 0 1 0 0 0 0 0 0 
0 0 0 0 0 1 0 0 0 1 -1 -s34 

1
0 706
0 646
1 0 0 0 0 0 0 0 0 0 0 0 
0 0 0 0 0 0 0 1 0 0 0 0 
1 0 0 0 0 0 0 0 0 0 0 0 
1 0 0 0 0 0 0 0 0 0 0 0 
1 0 0 0 0 0 0 0 0 0 0 0 
1 0 0 0 0 0 0 0 0 0 0 0 
0 0 1 0 0 0 0 0 0 0 0 0 
0 1 0 0 0 0 0 0 0 0 0 0 
1 0 0 0 0 0 0 0 0 0 0 0 
0 0 0 0 0 0 0 0 0 1 0 0 
1 0 0 0 0 0 0 0 0 0 0 0 

1
0 712
0 108
1 0 0 0 0 0 0 0 0 0 0 0 
1 0 0 0 0 0 0 0 0 0 0 0 
1 0 0 0 0 0 0 0 0 0 0 0 
0 0 0 0 0 1 0 0 0 0 0 0 
1 0 0 0 0 0 0 0 0 0 0 0 
1 0 0 0 0 0 0 0 0 0 0 0 
0 0 0 1 0 0 0 0 0 0 0 0 
0 0 1 0 0 0 0 0 0 0 0 0 
1 0 0 0 0 0 0 0 0 0 0 0 
0 0 0 0 0 0 1 0 0 0 0 0 
1 0 0 0 0 0 0 0 0 0 0 0 

0
0 716
0 236
-1 0 1 1 0 0 0 0 0 0 0 s45+s12 
0 -1 1 1 0 0 0 0 0 0 0 s23 
0 0 0 1 0 0 0 0 0 0 0 0 
0 0 1 0 0 0 0 0 0 0 0 0 
0 0 0 0 -1 1 0 0 0 1 0 -s34+s12 
0 0 0 0 0 0 0 0 0 1 0 0 
0 0 0 0 0 0 0 1 0 0 0 0 
0 0 0 0 0 0 1 0 0 0 0 0 
0 0 0 0 0 1 0 0 -1 1 0 -s34+s51 
0 0 0 0 0 1 0 0 0 0 0 0 
0 0 0 0 0 1 0 0 0 1 -1 -s34 

0
0 721
0 709
0 0 0 0 0 0 0 0 0 1 0 0 
0 0 0 0 1 0 0 0 -1 1 0 -s12 
0 0 0 0 1 0 0 0 0 0 0 0 
0 0 0 0 1 0 0 0 0 1 -1 s45-s12 
0 0 1 0 0 0 0 0 0 0 0 0 
1 0 1 -1 0 -1 -1 1 0 0 1 s34-s12 
0 0 0 0 0 0 1 0 0 0 0 0 
0 0 0 0 0 0 0 1 0 0 0 0 
1 -1 1 0 0 0 0 0 0 0 0 -s12 
1 0 0 0 0 0 0 0 0 0 0 0 
1 0 1 -1 0 0 0 0 0 0 0 s45-s12 

0
0 724
0 213
0 0 0 0 0 0 0 0 0 1 0 0 
0 0 0 0 1 0 0 0 -1 1 0 -s12 
0 0 0 0 1 0 0 0 0 0 0 0 
0 0 0 0 1 0 0 0 0 1 -1 s45-s12 
0 0 1 0 0 0 0 0 0 0 0 0 
1 0 1 -1 0 -1 -1 1 0 0 1 s34-s12 
0 0 0 0 0 0 1 0 0 0 0 0 
0 0 0 0 0 0 0 1 0 0 0 0 
1 -1 1 0 0 0 0 0 0 0 0 -s12 
1 0 0 0 0 0 0 0 0 0 0 0 
1 0 1 -1 0 0 0 0 0 0 0 s45-s12 

0
0 728
0 229
0 0 0 0 1 1 0 0 0 0 -1 s45 
0 0 0 0 0 1 0 0 1 0 -1 -s51+s23 
0 0 0 0 0 1 0 0 0 1 -1 -s34 
0 0 0 0 0 1 0 0 0 0 0 0 
1 0 0 0 0 0 0 0 0 0 0 0 
0 0 0 1 0 1 1 -1 0 0 -1 0 
0 0 0 0 0 0 0 1 0 0 0 0 
0 0 0 0 0 0 1 0 0 0 0 0 
0 1 0 0 0 0 0 0 0 0 0 0 
0 0 1 0 0 0 0 0 0 0 0 0 
0 0 0 1 0 0 0 0 0 0 0 0 

1
0 740
0 620
1 0 0 0 0 0 0 0 0 0 0 0 
1 0 0 0 0 0 0 0 0 0 0 0 
0 0 0 0 0 0 1 0 0 0 0 0 
1 0 0 0 0 0 0 0 0 0 0 0 
1 0 0 0 0 0 0 0 0 0 0 0 
0 0 0 0 0 1 0 0 0 0 0 0 
0 0 1 0 0 0 0 0 0 0 0 0 
0 0 0 1 0 0 0 0 0 0 0 0 
1 0 0 0 0 0 0 0 0 0 0 0 
0 0 0 0 0 0 0 0 0 1 0 0 
1 0 0 0 0 0 0 0 0 0 0 0 

1
0 744
0 620
1 0 0 0 0 0 0 0 0 0 0 0 
1 0 0 0 0 0 0 0 0 0 0 0 
1 0 0 0 0 0 0 0 0 0 0 0 
0 0 0 0 0 0 1 0 0 0 0 0 
1 0 0 0 0 0 0 0 0 0 0 0 
0 0 0 0 0 0 0 0 0 1 0 0 
0 0 0 1 0 0 0 0 0 0 0 0 
0 0 1 0 0 0 0 0 0 0 0 0 
1 0 0 0 0 0 0 0 0 0 0 0 
0 0 0 0 0 1 0 0 0 0 0 0 
1 0 0 0 0 0 0 0 0 0 0 0 

0
0 789
0 535
0 0 0 0 1 0 0 0 0 0 0 0 
0 0 0 0 0 0 0 0 1 0 0 0 
0 0 0 0 0 0 0 0 0 1 0 0 
0 0 0 0 0 0 0 0 0 0 1 0 
1 0 0 0 0 0 0 0 0 0 0 0 
0 0 0 1 0 1 1 -1 0 0 -1 0 
0 0 0 0 0 0 1 0 0 0 0 0 
0 0 0 0 0 0 2 -1 0 0 0 0 
0 1 0 0 0 0 0 0 0 0 0 0 
0 0 1 0 0 0 0 0 0 0 0 0 
0 0 0 1 0 0 0 0 0 0 0 0 

0
0 833
0 86
0 0 0 0 1 0 0 0 0 0 0 0 
0 0 0 0 0 0 0 0 1 0 0 0 
0 0 0 0 0 0 0 0 0 1 0 0 
0 0 0 0 0 0 0 0 0 0 1 0 
1 0 0 0 0 0 0 0 0 0 0 0 
0 0 0 1 0 1 1 -1 0 0 -1 0 
0 0 0 0 0 0 1 0 0 0 0 0 
0 0 0 0 0 0 2 -1 0 0 0 0 
0 1 0 0 0 0 0 0 0 0 0 0 
0 0 1 0 0 0 0 0 0 0 0 0 
0 0 0 1 0 0 0 0 0 0 0 0 

0
0 835
0 342
0 0 0 0 1 0 0 0 0 0 0 0 
0 0 0 0 0 0 0 0 1 0 0 0 
0 0 0 0 0 0 0 0 0 1 0 0 
0 0 0 0 0 0 0 0 0 0 1 0 
1 0 0 0 0 0 0 0 0 0 0 0 
0 0 0 1 0 1 1 -1 0 0 -1 0 
0 0 0 0 0 0 1 0 0 0 0 0 
0 0 0 0 0 0 2 -1 0 0 0 0 
0 1 0 0 0 0 0 0 0 0 0 0 
0 0 1 0 0 0 0 0 0 0 0 0 
0 0 0 1 0 0 0 0 0 0 0 0 

1
0 837
0 341
0 0 1 0 0 0 0 0 0 0 0 0 
0 1 0 0 0 0 0 0 0 0 0 0 
1 0 0 0 0 0 0 0 0 0 0 0 
0 1 0 0 0 0 0 0 0 0 0 0 
0 1 0 0 0 0 0 0 0 0 0 0 
0 1 0 0 0 0 0 0 0 0 0 0 
0 0 0 0 0 0 1 0 0 0 0 0 
0 1 0 0 0 0 0 0 0 0 0 0 
0 0 0 0 0 0 0 0 1 0 0 0 
0 0 0 0 1 0 0 0 0 0 0 0 
0 1 0 0 0 0 0 0 0 0 0 0 

1
0 839
0 343
0 0 1 0 0 0 0 0 0 0 0 0 
0 1 0 0 0 0 0 0 0 0 0 0 
1 0 0 0 0 0 0 0 0 0 0 0 
0 0 0 1 0 0 0 0 0 0 0 0 
0 0 0 1 0 0 0 0 0 0 0 0 
0 0 0 1 0 0 0 0 0 0 0 0 
0 0 0 0 0 0 1 0 0 0 0 0 
0 0 0 1 0 0 0 0 0 0 0 0 
0 0 0 0 0 0 0 0 1 0 0 0 
0 0 0 0 1 0 0 0 0 0 0 0 
0 0 0 1 0 0 0 0 0 0 0 0 

0
0 840
0 166
0 0 0 0 1 1 0 0 0 0 -1 s45 
0 0 0 0 0 1 0 0 1 0 -1 -s51+s23 
0 0 0 0 0 1 0 0 0 1 -1 -s34 
0 0 0 0 0 1 0 0 0 0 0 0 
1 0 0 0 0 0 0 0 0 0 0 0 
0 0 0 1 0 1 1 -1 0 0 -1 0 
0 0 0 0 0 0 0 1 0 0 0 0 
0 0 0 0 0 0 1 0 0 0 0 0 
0 1 0 0 0 0 0 0 0 0 0 0 
0 0 1 0 0 0 0 0 0 0 0 0 
0 0 0 1 0 0 0 0 0 0 0 0 

0
0 849
0 87
0 0 0 0 1 0 0 0 0 0 0 0 
0 0 0 0 0 0 0 0 1 0 0 0 
0 0 0 0 0 0 0 0 0 1 0 0 
0 0 0 0 0 0 0 0 0 0 1 0 
1 0 0 0 0 0 0 0 0 0 0 0 
0 0 0 1 0 1 1 -1 0 0 -1 0 
0 0 0 0 0 0 1 0 0 0 0 0 
0 0 0 0 0 0 2 -1 0 0 0 0 
0 1 0 0 0 0 0 0 0 0 0 0 
0 0 1 0 0 0 0 0 0 0 0 0 
0 0 0 1 0 0 0 0 0 0 0 0 

0
0 850
0 327
1 -1 0 0 -1 0 1 0 1 0 0 0 
0 0 0 0 0 0 1 0 0 0 0 0 
0 -1 1 0 0 0 1 0 1 -1 0 0 
0 -1 0 1 0 0 1 0 1 0 -1 s23 
1 0 0 0 0 0 0 0 0 0 0 0 
0 0 0 1 0 1 1 -1 0 0 -1 0 
0 0 0 0 0 0 0 0 1 0 0 0 
0 0 0 0 0 1 0 0 1 0 -1 -s51+s23 
0 1 0 0 0 0 0 0 0 0 0 0 
0 0 1 0 0 0 0 0 0 0 0 0 
0 0 0 1 0 0 0 0 0 0 0 0 

0
0 851
0 343
0 0 0 0 1 0 0 0 0 0 0 0 
0 0 0 0 0 0 0 0 1 0 0 0 
0 0 0 0 0 0 0 0 0 1 0 0 
0 0 0 0 0 0 0 0 0 0 1 0 
1 0 0 0 0 0 0 0 0 0 0 0 
0 0 0 1 0 1 1 -1 0 0 -1 0 
0 0 0 0 0 0 1 0 0 0 0 0 
0 0 0 0 0 0 2 -1 0 0 0 0 
0 1 0 0 0 0 0 0 0 0 0 0 
0 0 1 0 0 0 0 0 0 0 0 0 
0 0 0 1 0 0 0 0 0 0 0 0 

1
0 852
0 87
0 0 0 1 0 0 0 0 0 0 0 0 
0 0 0 1 0 0 0 0 0 0 0 0 
0 0 0 0 1 0 0 0 0 0 0 0 
0 0 0 1 0 0 0 0 0 0 0 0 
0 0 1 0 0 0 0 0 0 0 0 0 
0 0 0 1 0 0 0 0 0 0 0 0 
0 0 0 0 0 0 1 0 0 0 0 0 
0 0 0 1 0 0 0 0 0 0 0 0 
0 1 0 0 0 0 0 0 0 0 0 0 
1 0 0 0 0 0 0 0 0 0 0 0 
0 0 0 1 0 0 0 0 0 0 0 0 

0
0 853
0 599
0 0 0 0 1 0 0 0 0 0 0 0 
0 0 0 0 0 0 0 0 1 0 0 0 
0 0 0 0 0 0 0 0 0 1 0 0 
0 0 0 0 0 0 0 0 0 0 1 0 
1 0 0 0 0 0 0 0 0 0 0 0 
0 0 0 1 0 1 1 -1 0 0 -1 0 
0 0 0 0 0 0 1 0 0 0 0 0 
0 0 0 0 0 0 2 -1 0 0 0 0 
0 1 0 0 0 0 0 0 0 0 0 0 
0 0 1 0 0 0 0 0 0 0 0 0 
0 0 0 1 0 0 0 0 0 0 0 0 

1
0 854
0 343
0 0 0 1 0 0 0 0 0 0 0 0 
0 0 0 0 0 0 0 0 1 0 0 0 
0 0 0 0 1 0 0 0 0 0 0 0 
0 0 0 1 0 0 0 0 0 0 0 0 
0 0 1 0 0 0 0 0 0 0 0 0 
0 0 0 1 0 0 0 0 0 0 0 0 
0 0 0 0 0 0 1 0 0 0 0 0 
0 0 0 1 0 0 0 0 0 0 0 0 
0 1 0 0 0 0 0 0 0 0 0 0 
1 0 0 0 0 0 0 0 0 0 0 0 
0 0 0 1 0 0 0 0 0 0 0 0 

0
0 856
0 167
0 0 0 0 1 1 0 0 0 0 -1 s45 
0 0 0 0 0 1 0 0 1 0 -1 -s51+s23 
0 0 0 0 0 1 0 0 0 1 -1 -s34 
0 0 0 0 0 1 0 0 0 0 0 0 
1 0 0 0 0 0 0 0 0 0 0 0 
0 0 0 1 0 1 1 -1 0 0 -1 0 
0 0 0 0 0 0 0 1 0 0 0 0 
0 0 0 0 0 0 1 0 0 0 0 0 
0 1 0 0 0 0 0 0 0 0 0 0 
0 0 1 0 0 0 0 0 0 0 0 0 
0 0 0 1 0 0 0 0 0 0 0 0 

0
0 898
0 646
-1 1 0 0 1 0 0 1 -1 0 0 s51-s23+s45 
0 0 0 0 0 0 0 1 0 0 0 0 
0 1 -1 0 0 0 0 1 -1 1 0 -s34+s51-s23 
0 1 0 -1 0 0 0 1 -1 0 1 s51 
-1 1 1 0 0 0 0 0 0 0 0 s12 
0 1 1 -1 0 -1 -1 1 0 0 1 s34+s51 
0 0 0 0 0 1 0 0 0 1 -1 -s34 
0 0 0 0 0 0 0 0 0 1 0 0 
0 0 1 0 0 0 0 0 0 0 0 0 
0 1 0 0 0 0 0 0 0 0 0 0 
0 1 1 -1 0 0 0 0 0 0 0 s23 

0
0 900
0 390
-1 0 1 0 1 0 0 1 0 -1 0 s34+s45+s12 
0 -1 1 0 0 0 0 1 1 -1 0 s34-s51+s23 
0 0 0 0 0 0 0 1 0 0 0 0 
0 0 1 -1 0 0 0 1 0 -1 1 s34 
-1 1 1 0 0 0 0 0 0 0 0 s12 
0 1 1 -1 0 -1 -1 1 0 0 1 s34+s51 
0 0 0 0 0 1 0 0 1 0 -1 -s51+s23 
0 0 0 0 0 0 0 0 1 0 0 0 
0 0 1 0 0 0 0 0 0 0 0 0 
0 1 0 0 0 0 0 0 0 0 0 0 
0 1 1 -1 0 0 0 0 0 0 0 s23 

0
0 904
0 102
0 0 0 0 1 1 0 0 0 0 -1 s45 
0 0 0 0 0 1 0 0 1 0 -1 -s51+s23 
0 0 0 0 0 1 0 0 0 1 -1 -s34 
0 0 0 0 0 1 0 0 0 0 0 0 
1 0 0 0 0 0 0 0 0 0 0 0 
0 0 0 1 0 1 1 -1 0 0 -1 0 
0 0 0 0 0 0 0 1 0 0 0 0 
0 0 0 0 0 0 1 0 0 0 0 0 
0 1 0 0 0 0 0 0 0 0 0 0 
0 0 1 0 0 0 0 0 0 0 0 0 
0 0 0 1 0 0 0 0 0 0 0 0 

0
0 920
0 103
0 0 0 0 1 1 0 0 0 0 -1 s45 
0 0 0 0 0 1 0 0 1 0 -1 -s51+s23 
0 0 0 0 0 1 0 0 0 1 -1 -s34 
0 0 0 0 0 1 0 0 0 0 0 0 
1 0 0 0 0 0 0 0 0 0 0 0 
0 0 0 1 0 1 1 -1 0 0 -1 0 
0 0 0 0 0 0 0 1 0 0 0 0 
0 0 0 0 0 0 1 0 0 0 0 0 
0 1 0 0 0 0 0 0 0 0 0 0 
0 0 1 0 0 0 0 0 0 0 0 0 
0 0 0 1 0 0 0 0 0 0 0 0 

0
0 962
0 710
0 0 0 0 -1 0 0 0 1 1 0 s12 
0 0 0 0 0 0 0 0 0 1 0 0 
0 0 0 0 0 0 0 0 1 0 0 0 
0 0 0 0 0 0 0 0 1 1 -1 s23 
-1 1 1 0 0 0 0 0 0 0 0 s12 
0 1 1 -1 0 -1 -1 1 0 0 1 s34+s51 
0 0 0 0 0 0 1 0 0 0 0 0 
0 0 0 0 0 0 0 1 0 0 0 0 
0 0 1 0 0 0 0 0 0 0 0 0 
0 1 0 0 0 0 0 0 0 0 0 0 
0 1 1 -1 0 0 0 0 0 0 0 s23 

0
0 964
0 454
0 0 0 0 -1 0 0 0 1 1 0 s12 
0 0 0 0 0 0 0 0 0 1 0 0 
0 0 0 0 0 0 0 0 1 0 0 0 
0 0 0 0 0 0 0 0 1 1 -1 s23 
-1 1 1 0 0 0 0 0 0 0 0 s12 
0 1 1 -1 0 -1 -1 1 0 0 1 s34+s51 
0 0 0 0 0 0 1 0 0 0 0 0 
0 0 0 0 0 0 0 1 0 0 0 0 
0 0 1 0 0 0 0 0 0 0 0 0 
0 1 0 0 0 0 0 0 0 0 0 0 
0 1 1 -1 0 0 0 0 0 0 0 s23 

0
0 968
0 230
0 0 0 0 1 1 0 0 0 0 -1 s45 
0 0 0 0 0 1 0 0 1 0 -1 -s51+s23 
0 0 0 0 0 1 0 0 0 1 -1 -s34 
0 0 0 0 0 1 0 0 0 0 0 0 
1 0 0 0 0 0 0 0 0 0 0 0 
0 0 0 1 0 1 1 -1 0 0 -1 0 
0 0 0 0 0 0 0 1 0 0 0 0 
0 0 0 0 0 0 1 0 0 0 0 0 
0 1 0 0 0 0 0 0 0 0 0 0 
0 0 1 0 0 0 0 0 0 0 0 0 
0 0 0 1 0 0 0 0 0 0 0 0 

0
0 984
0 231
0 0 0 0 1 1 0 0 0 0 -1 s45 
0 0 0 0 0 1 0 0 1 0 -1 -s51+s23 
0 0 0 0 0 1 0 0 0 1 -1 -s34 
0 0 0 0 0 1 0 0 0 0 0 0 
1 0 0 0 0 0 0 0 0 0 0 0 
0 0 0 1 0 1 1 -1 0 0 -1 0 
0 0 0 0 0 0 0 1 0 0 0 0 
0 0 0 0 0 0 1 0 0 0 0 0 
0 1 0 0 0 0 0 0 0 0 0 0 
0 0 1 0 0 0 0 0 0 0 0 0 
0 0 0 1 0 0 0 0 0 0 0 0 

0
0 1045
0 537
0 0 0 0 1 0 0 0 0 0 0 0 
0 0 0 0 0 0 0 0 1 0 0 0 
0 0 0 0 0 0 0 0 0 1 0 0 
0 0 0 0 0 0 0 0 0 0 1 0 
1 0 0 0 0 0 0 0 0 0 0 0 
0 0 0 1 0 1 1 -1 0 0 -1 0 
0 0 0 0 0 0 1 0 0 0 0 0 
0 0 0 0 0 0 2 -1 0 0 0 0 
0 1 0 0 0 0 0 0 0 0 0 0 
0 0 1 0 0 0 0 0 0 0 0 0 
0 0 0 1 0 0 0 0 0 0 0 0 

0
0 1047
0 793
0 0 0 0 1 0 0 0 0 0 0 0 
0 0 0 0 0 0 0 0 1 0 0 0 
0 0 0 0 0 0 0 0 0 1 0 0 
0 0 0 0 0 0 0 0 0 0 1 0 
1 0 0 0 0 0 0 0 0 0 0 0 
0 0 0 1 0 1 1 -1 0 0 -1 0 
0 0 0 0 0 0 1 0 0 0 0 0 
0 0 0 0 0 0 2 -1 0 0 0 0 
0 1 0 0 0 0 0 0 0 0 0 0 
0 0 1 0 0 0 0 0 0 0 0 0 
0 0 0 1 0 0 0 0 0 0 0 0 

0
0 1089
0 88
0 0 0 1 0 0 0 0 0 0 0 0 
1 -1 0 1 0 0 0 0 0 0 0 s23-s45 
1 0 -1 1 0 0 0 0 0 0 0 -s45+s12 
1 0 0 0 0 0 0 0 0 0 0 0 
-1 0 0 1 1 0 1 0 0 0 -1 s45 
0 0 0 0 0 0 0 1 0 0 0 0 
0 0 0 0 1 0 0 0 0 0 0 0 
0 0 0 0 1 1 0 0 0 0 -1 s45 
0 -1 0 1 0 0 1 0 1 0 -1 s23 
0 0 -1 1 0 0 1 0 0 1 -1 0 
0 0 0 0 0 0 1 0 0 0 0 0 

0
0 1090
0 162
1 0 0 0 0 0 0 0 0 0 0 0 
0 1 0 0 0 0 0 0 0 0 0 0 
0 0 1 0 0 0 0 0 0 0 0 0 
0 0 0 1 0 0 0 0 0 0 0 0 
1 0 0 -1 -1 0 0 1 0 0 1 0 
0 0 0 0 0 0 1 0 0 0 0 0 
0 0 0 0 0 1 0 0 0 0 0 0 
0 0 0 0 0 0 0 0 0 0 1 0 
0 1 0 -1 0 0 0 1 -1 0 1 s51 
0 0 1 -1 0 0 0 1 0 -1 1 s34 
0 0 0 0 0 0 0 1 0 0 0 0 

0
0 1091
0 163
1 0 0 0 0 0 0 0 0 0 0 0 
0 1 0 0 0 0 0 0 0 0 0 0 
0 0 1 0 0 0 0 0 0 0 0 0 
0 0 0 1 0 0 0 0 0 0 0 0 
1 0 0 -1 -1 0 0 1 0 0 1 0 
0 0 0 0 0 0 1 0 0 0 0 0 
0 0 0 0 0 1 0 0 0 0 0 0 
0 0 0 0 0 0 0 0 0 0 1 0 
0 1 0 -1 0 0 0 1 -1 0 1 s51 
0 0 1 -1 0 0 0 1 0 -1 1 s34 
0 0 0 0 0 0 0 1 0 0 0 0 

0
0 1093
0 165
1 0 0 0 0 0 0 0 0 0 0 0 
0 1 0 0 0 0 0 0 0 0 0 0 
0 0 1 0 0 0 0 0 0 0 0 0 
0 0 0 1 0 0 0 0 0 0 0 0 
1 0 0 -1 -1 0 0 1 0 0 1 0 
0 0 0 0 0 0 1 0 0 0 0 0 
0 0 0 0 0 1 0 0 0 0 0 0 
0 0 0 0 0 0 0 0 0 0 1 0 
0 1 0 -1 0 0 0 1 -1 0 1 s51 
0 0 1 -1 0 0 0 1 0 -1 1 s34 
0 0 0 0 0 0 0 1 0 0 0 0 

0
0 1094
0 166
1 0 0 0 0 0 0 0 0 0 0 0 
0 1 0 0 0 0 0 0 0 0 0 0 
0 0 1 0 0 0 0 0 0 0 0 0 
0 0 0 1 0 0 0 0 0 0 0 0 
1 0 0 -1 -1 0 0 1 0 0 1 0 
0 0 0 0 0 0 1 0 0 0 0 0 
0 0 0 0 0 1 0 0 0 0 0 0 
0 0 0 0 0 0 0 0 0 0 1 0 
0 1 0 -1 0 0 0 1 -1 0 1 s51 
0 0 1 -1 0 0 0 1 0 -1 1 s34 
0 0 0 0 0 0 0 1 0 0 0 0 

0
0 1095
0 167
1 0 0 0 0 0 0 0 0 0 0 0 
0 1 0 0 0 0 0 0 0 0 0 0 
0 0 1 0 0 0 0 0 0 0 0 0 
0 0 0 1 0 0 0 0 0 0 0 0 
1 0 0 -1 -1 0 0 1 0 0 1 0 
0 0 0 0 0 0 1 0 0 0 0 0 
0 0 0 0 0 1 0 0 0 0 0 0 
0 0 0 0 0 0 0 0 0 0 1 0 
0 1 0 -1 0 0 0 1 -1 0 1 s51 
0 0 1 -1 0 0 0 1 0 -1 1 s34 
0 0 0 0 0 0 0 1 0 0 0 0 

0
0 1097
0 89
0 0 0 1 0 0 0 0 0 0 0 0 
1 -1 0 1 0 0 0 0 0 0 0 s23-s45 
1 0 -1 1 0 0 0 0 0 0 0 -s45+s12 
1 0 0 0 0 0 0 0 0 0 0 0 
-1 0 0 1 1 0 1 0 0 0 -1 s45 
0 0 0 0 0 0 0 1 0 0 0 0 
0 0 0 0 1 0 0 0 0 0 0 0 
0 0 0 0 1 1 0 0 0 0 -1 s45 
0 -1 0 1 0 0 1 0 1 0 -1 s23 
0 0 -1 1 0 0 1 0 0 1 -1 0 
0 0 0 0 0 0 1 0 0 0 0 0 

0
0 1098
0 170
1 0 0 0 0 0 0 0 0 0 0 0 
0 1 0 0 0 0 0 0 0 0 0 0 
0 0 1 0 0 0 0 0 0 0 0 0 
0 0 0 1 0 0 0 0 0 0 0 0 
1 0 0 -1 -1 0 0 1 0 0 1 0 
0 0 0 0 0 0 1 0 0 0 0 0 
0 0 0 0 0 1 0 0 0 0 0 0 
0 0 0 0 0 0 0 0 0 0 1 0 
0 1 0 -1 0 0 0 1 -1 0 1 s51 
0 0 1 -1 0 0 0 1 0 -1 1 s34 
0 0 0 0 0 0 0 1 0 0 0 0 

0
0 1099
0 171
1 0 0 0 0 0 0 0 0 0 0 0 
0 1 0 0 0 0 0 0 0 0 0 0 
0 0 1 0 0 0 0 0 0 0 0 0 
0 0 0 1 0 0 0 0 0 0 0 0 
1 0 0 -1 -1 0 0 1 0 0 1 0 
0 0 0 0 0 0 1 0 0 0 0 0 
0 0 0 0 0 1 0 0 0 0 0 0 
0 0 0 0 0 0 0 0 0 0 1 0 
0 1 0 -1 0 0 0 1 -1 0 1 s51 
0 0 1 -1 0 0 0 1 0 -1 1 s34 
0 0 0 0 0 0 0 1 0 0 0 0 

0
0 1101
0 173
1 0 0 0 0 0 0 0 0 0 0 0 
0 1 0 0 0 0 0 0 0 0 0 0 
0 0 1 0 0 0 0 0 0 0 0 0 
0 0 0 1 0 0 0 0 0 0 0 0 
1 0 0 -1 -1 0 0 1 0 0 1 0 
0 0 0 0 0 0 1 0 0 0 0 0 
0 0 0 0 0 1 0 0 0 0 0 0 
0 0 0 0 0 0 0 0 0 0 1 0 
0 1 0 -1 0 0 0 1 -1 0 1 s51 
0 0 1 -1 0 0 0 1 0 -1 1 s34 
0 0 0 0 0 0 0 1 0 0 0 0 

0
0 1102
0 174
1 0 0 0 0 0 0 0 0 0 0 0 
0 1 0 0 0 0 0 0 0 0 0 0 
0 0 1 0 0 0 0 0 0 0 0 0 
0 0 0 1 0 0 0 0 0 0 0 0 
1 0 0 -1 -1 0 0 1 0 0 1 0 
0 0 0 0 0 0 1 0 0 0 0 0 
0 0 0 0 0 1 0 0 0 0 0 0 
0 0 0 0 0 0 0 0 0 0 1 0 
0 1 0 -1 0 0 0 1 -1 0 1 s51 
0 0 1 -1 0 0 0 1 0 -1 1 s34 
0 0 0 0 0 0 0 1 0 0 0 0 

0
0 1103
0 175
1 0 0 0 0 0 0 0 0 0 0 0 
0 1 0 0 0 0 0 0 0 0 0 0 
0 0 1 0 0 0 0 0 0 0 0 0 
0 0 0 1 0 0 0 0 0 0 0 0 
1 0 0 -1 -1 0 0 1 0 0 1 0 
0 0 0 0 0 0 1 0 0 0 0 0 
0 0 0 0 0 1 0 0 0 0 0 0 
0 0 0 0 0 0 0 0 0 0 1 0 
0 1 0 -1 0 0 0 1 -1 0 1 s51 
0 0 1 -1 0 0 0 1 0 -1 1 s34 
0 0 0 0 0 0 0 1 0 0 0 0 

0
0 1105
0 89
0 0 0 0 1 0 0 0 0 0 0 0 
0 0 0 0 0 0 0 0 1 0 0 0 
0 0 0 0 0 0 0 0 0 1 0 0 
0 0 0 0 0 0 0 0 0 0 1 0 
1 0 0 0 0 0 0 0 0 0 0 0 
0 0 0 1 0 1 1 -1 0 0 -1 0 
0 0 0 0 0 0 1 0 0 0 0 0 
0 0 0 0 0 0 2 -1 0 0 0 0 
0 1 0 0 0 0 0 0 0 0 0 0 
0 0 1 0 0 0 0 0 0 0 0 0 
0 0 0 1 0 0 0 0 0 0 0 0 

0
0 1106
0 329
1 -1 0 0 -1 0 1 0 1 0 0 0 
0 0 0 0 0 0 1 0 0 0 0 0 
0 -1 1 0 0 0 1 0 1 -1 0 0 
0 -1 0 1 0 0 1 0 1 0 -1 s23 
1 0 0 0 0 0 0 0 0 0 0 0 
0 0 0 1 0 1 1 -1 0 0 -1 0 
0 0 0 0 0 0 0 0 1 0 0 0 
0 0 0 0 0 1 0 0 1 0 -1 -s51+s23 
0 1 0 0 0 0 0 0 0 0 0 0 
0 0 1 0 0 0 0 0 0 0 0 0 
0 0 0 1 0 0 0 0 0 0 0 0 

0
0 1107
0 345
0 0 0 0 1 0 0 0 0 0 0 0 
0 0 0 0 0 0 0 0 1 0 0 0 
0 0 0 0 0 0 0 0 0 1 0 0 
0 0 0 0 0 0 0 0 0 0 1 0 
1 0 0 0 0 0 0 0 0 0 0 0 
0 0 0 1 0 1 1 -1 0 0 -1 0 
0 0 0 0 0 0 1 0 0 0 0 0 
0 0 0 0 0 0 2 -1 0 0 0 0 
0 1 0 0 0 0 0 0 0 0 0 0 
0 0 1 0 0 0 0 0 0 0 0 0 
0 0 0 1 0 0 0 0 0 0 0 0 

0
0 1108
0 585
1 0 -1 0 -1 0 1 0 0 1 0 s12 
0 1 -1 0 0 0 1 0 -1 1 0 0 
0 0 0 0 0 0 1 0 0 0 0 0 
0 0 -1 1 0 0 1 0 0 1 -1 0 
1 0 0 0 0 0 0 0 0 0 0 0 
0 0 0 1 0 1 1 -1 0 0 -1 0 
0 0 0 0 0 0 0 0 0 1 0 0 
0 0 0 0 0 1 0 0 0 1 -1 -s34 
0 1 0 0 0 0 0 0 0 0 0 0 
0 0 1 0 0 0 0 0 0 0 0 0 
0 0 0 1 0 0 0 0 0 0 0 0 

0
0 1109
0 601
0 0 0 0 1 0 0 0 0 0 0 0 
0 0 0 0 0 0 0 0 1 0 0 0 
0 0 0 0 0 0 0 0 0 1 0 0 
0 0 0 0 0 0 0 0 0 0 1 0 
1 0 0 0 0 0 0 0 0 0 0 0 
0 0 0 1 0 1 1 -1 0 0 -1 0 
0 0 0 0 0 0 1 0 0 0 0 0 
0 0 0 0 0 0 2 -1 0 0 0 0 
0 1 0 0 0 0 0 0 0 0 0 0 
0 0 1 0 0 0 0 0 0 0 0 0 
0 0 0 1 0 0 0 0 0 0 0 0 

0
0 1110
0 841
0 0 0 0 1 0 0 0 0 0 0 0 
0 0 0 0 0 0 0 0 1 0 0 0 
0 0 0 0 0 0 0 0 0 1 0 0 
0 0 0 0 0 0 0 0 0 0 1 0 
1 0 0 0 0 0 0 0 0 0 0 0 
0 0 0 1 0 1 1 -1 0 0 -1 0 
0 0 0 0 0 0 1 0 0 0 0 0 
0 0 0 0 0 0 2 -1 0 0 0 0 
0 1 0 0 0 0 0 0 0 0 0 0 
0 0 1 0 0 0 0 0 0 0 0 0 
0 0 0 1 0 0 0 0 0 0 0 0 

0
0 1111
0 857
0 0 0 0 1 0 0 0 0 0 0 0 
0 0 0 0 0 0 0 0 1 0 0 0 
0 0 0 0 0 0 0 0 0 1 0 0 
0 0 0 0 0 0 0 0 0 0 1 0 
1 0 0 0 0 0 0 0 0 0 0 0 
0 0 0 1 0 1 1 -1 0 0 -1 0 
0 0 0 0 0 0 1 0 0 0 0 0 
0 0 0 0 0 0 2 -1 0 0 0 0 
0 1 0 0 0 0 0 0 0 0 0 0 
0 0 1 0 0 0 0 0 0 0 0 0 
0 0 0 1 0 0 0 0 0 0 0 0 

0
0 1112
0 89
0 0 0 0 0 0 0 0 0 0 1 0 
0 0 0 0 1 0 0 0 -1 0 1 s23-s45 
0 0 0 0 1 0 0 0 0 -1 1 -s45+s12 
0 0 0 0 1 0 0 0 0 0 0 0 
0 0 0 1 0 0 0 0 0 0 0 0 
1 0 0 0 0 -1 -1 1 0 0 1 -s45 
0 0 0 0 0 0 1 0 0 0 0 0 
0 0 0 0 0 0 0 1 0 0 0 0 
1 -1 0 1 0 0 0 0 0 0 0 s23-s45 
1 0 -1 1 0 0 0 0 0 0 0 -s45+s12 
1 0 0 0 0 0 0 0 0 0 0 0 

1
0 1121
0 120
0 0 0 1 0 0 0 0 0 0 0 0 
1 0 0 0 0 0 0 0 0 0 0 0 
1 0 0 0 0 0 0 0 0 0 0 0 
1 0 0 0 0 0 0 0 0 0 0 0 
1 0 0 0 0 0 0 0 0 0 0 0 
0 0 0 0 0 1 0 0 0 0 0 0 
0 0 0 0 0 0 1 0 0 0 0 0 
1 0 0 0 0 0 0 0 0 0 0 0 
1 0 0 0 0 0 0 0 0 0 0 0 
1 0 0 0 0 0 0 0 0 0 0 0 
0 0 0 0 1 0 0 0 0 0 0 0 

0
0 1122
0 226
1 0 0 0 0 0 0 0 0 0 0 0 
0 1 0 0 0 0 0 0 0 0 0 0 
0 0 1 0 0 0 0 0 0 0 0 0 
0 0 0 1 0 0 0 0 0 0 0 0 
1 0 0 -1 -1 0 0 1 0 0 1 0 
0 0 0 0 0 0 1 0 0 0 0 0 
0 0 0 0 0 1 0 0 0 0 0 0 
0 0 0 0 0 0 0 0 0 0 1 0 
0 1 0 -1 0 0 0 1 -1 0 1 s51 
0 0 1 -1 0 0 0 1 0 -1 1 s34 
0 0 0 0 0 0 0 1 0 0 0 0 

0
0 1123
0 227
1 0 0 0 0 0 0 0 0 0 0 0 
0 1 0 0 0 0 0 0 0 0 0 0 
0 0 1 0 0 0 0 0 0 0 0 0 
0 0 0 1 0 0 0 0 0 0 0 0 
1 0 0 -1 -1 0 0 1 0 0 1 0 
0 0 0 0 0 0 1 0 0 0 0 0 
0 0 0 0 0 1 0 0 0 0 0 0 
0 0 0 0 0 0 0 0 0 0 1 0 
0 1 0 -1 0 0 0 1 -1 0 1 s51 
0 0 1 -1 0 0 0 1 0 -1 1 s34 
0 0 0 0 0 0 0 1 0 0 0 0 

1
0 1124
0 108
1 0 0 0 0 0 0 0 0 0 0 0 
1 0 0 0 0 0 0 0 0 0 0 0 
0 0 0 0 0 1 0 0 0 0 0 0 
1 0 0 0 0 0 0 0 0 0 0 0 
1 0 0 0 0 0 0 0 0 0 0 0 
0 0 1 0 0 0 0 0 0 0 0 0 
0 0 0 0 0 0 1 0 0 0 0 0 
1 0 0 0 0 0 0 0 0 0 0 0 
1 0 0 0 0 0 0 0 0 0 0 0 
1 0 0 0 0 0 0 0 0 0 0 0 
0 0 0 1 0 0 0 0 0 0 0 0 

0
0 1125
0 229
1 0 0 0 0 0 0 0 0 0 0 0 
0 1 0 0 0 0 0 0 0 0 0 0 
0 0 1 0 0 0 0 0 0 0 0 0 
0 0 0 1 0 0 0 0 0 0 0 0 
1 0 0 -1 -1 0 0 1 0 0 1 0 
0 0 0 0 0 0 1 0 0 0 0 0 
0 0 0 0 0 1 0 0 0 0 0 0 
0 0 0 0 0 0 0 0 0 0 1 0 
0 1 0 -1 0 0 0 1 -1 0 1 s51 
0 0 1 -1 0 0 0 1 0 -1 1 s34 
0 0 0 0 0 0 0 1 0 0 0 0 

0
0 1126
0 230
1 0 0 0 0 0 0 0 0 0 0 0 
0 1 0 0 0 0 0 0 0 0 0 0 
0 0 1 0 0 0 0 0 0 0 0 0 
0 0 0 1 0 0 0 0 0 0 0 0 
1 0 0 -1 -1 0 0 1 0 0 1 0 
0 0 0 0 0 0 1 0 0 0 0 0 
0 0 0 0 0 1 0 0 0 0 0 0 
0 0 0 0 0 0 0 0 0 0 1 0 
0 1 0 -1 0 0 0 1 -1 0 1 s51 
0 0 1 -1 0 0 0 1 0 -1 1 s34 
0 0 0 0 0 0 0 1 0 0 0 0 

0
0 1127
0 231
1 0 0 0 0 0 0 0 0 0 0 0 
0 1 0 0 0 0 0 0 0 0 0 0 
0 0 1 0 0 0 0 0 0 0 0 0 
0 0 0 1 0 0 0 0 0 0 0 0 
1 0 0 -1 -1 0 0 1 0 0 1 0 
0 0 0 0 0 0 1 0 0 0 0 0 
0 0 0 0 0 1 0 0 0 0 0 0 
0 0 0 0 0 0 0 0 0 0 1 0 
0 1 0 -1 0 0 0 1 -1 0 1 s51 
0 0 1 -1 0 0 0 1 0 -1 1 s34 
0 0 0 0 0 0 0 1 0 0 0 0 

1
0 1129
0 121
0 0 0 1 0 0 0 0 0 0 0 0 
0 1 0 0 0 0 0 0 0 0 0 0 
0 1 0 0 0 0 0 0 0 0 0 0 
1 0 0 0 0 0 0 0 0 0 0 0 
0 1 0 0 0 0 0 0 0 0 0 0 
0 0 0 0 0 1 0 0 0 0 0 0 
0 0 0 0 0 0 1 0 0 0 0 0 
0 1 0 0 0 0 0 0 0 0 0 0 
0 1 0 0 0 0 0 0 0 0 0 0 
0 1 0 0 0 0 0 0 0 0 0 0 
0 0 0 0 1 0 0 0 0 0 0 0 

0
0 1130
0 234
1 0 0 0 0 0 0 0 0 0 0 0 
0 1 0 0 0 0 0 0 0 0 0 0 
0 0 1 0 0 0 0 0 0 0 0 0 
0 0 0 1 0 0 0 0 0 0 0 0 
1 0 0 -1 -1 0 0 1 0 0 1 0 
0 0 0 0 0 0 1 0 0 0 0 0 
0 0 0 0 0 1 0 0 0 0 0 0 
0 0 0 0 0 0 0 0 0 0 1 0 
0 1 0 -1 0 0 0 1 -1 0 1 s51 
0 0 1 -1 0 0 0 1 0 -1 1 s34 
0 0 0 0 0 0 0 1 0 0 0 0 

0
0 1131
0 235
1 0 0 0 0 0 0 0 0 0 0 0 
0 1 0 0 0 0 0 0 0 0 0 0 
0 0 1 0 0 0 0 0 0 0 0 0 
0 0 0 1 0 0 0 0 0 0 0 0 
1 0 0 -1 -1 0 0 1 0 0 1 0 
0 0 0 0 0 0 1 0 0 0 0 0 
0 0 0 0 0 1 0 0 0 0 0 0 
0 0 0 0 0 0 0 0 0 0 1 0 
0 1 0 -1 0 0 0 1 -1 0 1 s51 
0 0 1 -1 0 0 0 1 0 -1 1 s34 
0 0 0 0 0 0 0 1 0 0 0 0 

0
0 1132
0 236
1 0 0 0 0 0 0 0 0 0 0 0 
0 1 0 0 0 0 0 0 0 0 0 0 
0 0 1 0 0 0 0 0 0 0 0 0 
0 0 0 1 0 0 0 0 0 0 0 0 
1 0 0 -1 -1 0 0 1 0 0 1 0 
0 0 0 0 0 0 1 0 0 0 0 0 
0 0 0 0 0 1 0 0 0 0 0 0 
0 0 0 0 0 0 0 0 0 0 1 0 
0 1 0 -1 0 0 0 1 -1 0 1 s51 
0 0 1 -1 0 0 0 1 0 -1 1 s34 
0 0 0 0 0 0 0 1 0 0 0 0 

0
0 1133
0 237
1 0 0 0 0 0 0 0 0 0 0 0 
0 1 0 0 0 0 0 0 0 0 0 0 
0 0 1 0 0 0 0 0 0 0 0 0 
0 0 0 1 0 0 0 0 0 0 0 0 
1 0 0 -1 -1 0 0 1 0 0 1 0 
0 0 0 0 0 0 1 0 0 0 0 0 
0 0 0 0 0 1 0 0 0 0 0 0 
0 0 0 0 0 0 0 0 0 0 1 0 
0 1 0 -1 0 0 0 1 -1 0 1 s51 
0 0 1 -1 0 0 0 1 0 -1 1 s34 
0 0 0 0 0 0 0 1 0 0 0 0 

0
0 1134
0 238
1 0 0 0 0 0 0 0 0 0 0 0 
0 1 0 0 0 0 0 0 0 0 0 0 
0 0 1 0 0 0 0 0 0 0 0 0 
0 0 0 1 0 0 0 0 0 0 0 0 
1 0 0 -1 -1 0 0 1 0 0 1 0 
0 0 0 0 0 0 1 0 0 0 0 0 
0 0 0 0 0 1 0 0 0 0 0 0 
0 0 0 0 0 0 0 0 0 0 1 0 
0 1 0 -1 0 0 0 1 -1 0 1 s51 
0 0 1 -1 0 0 0 1 0 -1 1 s34 
0 0 0 0 0 0 0 1 0 0 0 0 

0
0 1135
0 239
1 0 0 0 0 0 0 0 0 0 0 0 
0 1 0 0 0 0 0 0 0 0 0 0 
0 0 1 0 0 0 0 0 0 0 0 0 
0 0 0 1 0 0 0 0 0 0 0 0 
1 0 0 -1 -1 0 0 1 0 0 1 0 
0 0 0 0 0 0 1 0 0 0 0 0 
0 0 0 0 0 1 0 0 0 0 0 0 
0 0 0 0 0 0 0 0 0 0 1 0 
0 1 0 -1 0 0 0 1 -1 0 1 s51 
0 0 1 -1 0 0 0 1 0 -1 1 s34 
0 0 0 0 0 0 0 1 0 0 0 0 

1
0 1144
0 1137
0 1 0 0 0 0 0 0 0 0 0 0 
0 1 0 0 0 0 0 0 0 0 0 0 
0 1 0 0 0 0 0 0 0 0 0 0 
1 0 0 0 0 0 0 0 0 0 0 0 
0 0 0 0 0 0 0 0 0 0 1 0 
0 0 0 0 0 1 0 0 0 0 0 0 
0 0 0 0 0 0 1 0 0 0 0 0 
0 1 0 0 0 0 0 0 0 0 0 0 
0 1 0 0 0 0 0 0 0 0 0 0 
0 1 0 0 0 0 0 0 0 0 0 0 
0 0 0 0 1 0 0 0 0 0 0 0 

0
0 1169
0 1161
0 0 0 0 0 0 0 1 0 0 0 0 
1 -1 0 0 -1 0 0 1 1 0 0 -s51+s23-s45 
1 0 -1 0 -1 0 0 1 0 1 0 -s34-s45+s12 
1 0 0 -1 -1 0 0 1 0 0 1 0 
0 0 0 1 0 0 0 0 0 0 0 0 
1 0 0 0 0 -1 -1 1 0 0 1 -s45 
0 0 0 0 0 1 0 0 0 0 0 0 
0 0 0 0 0 0 0 0 0 0 1 0 
1 -1 0 1 0 0 0 0 0 0 0 s23-s45 
1 0 -1 1 0 0 0 0 0 0 0 -s45+s12 
1 0 0 0 0 0 0 0 0 0 0 0 

0
0 1176
0 105
0 0 0 0 1 1 0 0 0 0 -1 s45 
0 0 0 0 0 1 0 0 1 0 -1 -s51+s23 
0 0 0 0 0 1 0 0 0 1 -1 -s34 
0 0 0 0 0 1 0 0 0 0 0 0 
1 0 0 0 0 0 0 0 0 0 0 0 
0 0 0 1 0 1 1 -1 0 0 -1 0 
0 0 0 0 0 0 0 1 0 0 0 0 
0 0 0 0 0 0 1 0 0 0 0 0 
0 1 0 0 0 0 0 0 0 0 0 0 
0 0 1 0 0 0 0 0 0 0 0 0 
0 0 0 1 0 0 0 0 0 0 0 0 

1
0 1188
0 1164
1 0 0 0 0 0 0 0 0 0 0 0 
1 0 0 0 0 0 0 0 0 0 0 0 
0 0 0 0 0 0 0 1 0 0 0 0 
1 0 0 0 0 0 0 0 0 0 0 0 
1 0 0 0 0 0 0 0 0 0 0 0 
0 0 0 1 0 0 0 0 0 0 0 0 
1 0 0 0 0 0 0 0 0 0 0 0 
0 0 0 0 0 0 0 0 0 0 1 0 
1 0 0 0 0 0 0 0 0 0 0 0 
1 0 0 0 0 0 0 0 0 0 0 0 
0 0 1 0 0 0 0 0 0 0 0 0 

0
0 1217
0 1185
1 0 0 0 0 0 0 0 0 0 0 0 
0 1 0 0 0 0 0 0 0 0 0 0 
0 0 1 0 0 0 0 0 0 0 0 0 
0 0 0 1 0 0 0 0 0 0 0 0 
1 0 0 -1 -1 0 0 1 0 0 1 0 
0 0 0 0 0 0 1 0 0 0 0 0 
0 0 0 0 0 1 0 0 0 0 0 0 
0 0 0 0 0 0 0 0 0 0 1 0 
0 1 0 -1 0 0 0 1 -1 0 1 s51 
0 0 1 -1 0 0 0 1 0 -1 1 s34 
0 0 0 0 0 0 0 1 0 0 0 0 

0
0 1218
0 1186
1 0 0 0 0 0 0 0 0 0 0 0 
0 1 0 0 0 0 0 0 0 0 0 0 
0 0 1 0 0 0 0 0 0 0 0 0 
0 0 0 1 0 0 0 0 0 0 0 0 
1 0 0 -1 -1 0 0 1 0 0 1 0 
0 0 0 0 0 0 1 0 0 0 0 0 
0 0 0 0 0 1 0 0 0 0 0 0 
0 0 0 0 0 0 0 0 0 0 1 0 
0 1 0 -1 0 0 0 1 -1 0 1 s51 
0 0 1 -1 0 0 0 1 0 -1 1 s34 
0 0 0 0 0 0 0 1 0 0 0 0 

0
0 1219
0 1187
1 0 0 0 0 0 0 0 0 0 0 0 
0 1 0 0 0 0 0 0 0 0 0 0 
0 0 1 0 0 0 0 0 0 0 0 0 
0 0 0 1 0 0 0 0 0 0 0 0 
1 0 0 -1 -1 0 0 1 0 0 1 0 
0 0 0 0 0 0 1 0 0 0 0 0 
0 0 0 0 0 1 0 0 0 0 0 0 
0 0 0 0 0 0 0 0 0 0 1 0 
0 1 0 -1 0 0 0 1 -1 0 1 s51 
0 0 1 -1 0 0 0 1 0 -1 1 s34 
0 0 0 0 0 0 0 1 0 0 0 0 

1
0 1220
0 1164
1 0 0 0 0 0 0 0 0 0 0 0 
1 0 0 0 0 0 0 0 0 0 0 0 
0 0 0 0 0 0 0 1 0 0 0 0 
1 0 0 0 0 0 0 0 0 0 0 0 
1 0 0 0 0 0 0 0 0 0 0 0 
1 0 0 0 0 0 0 0 0 0 0 0 
0 0 0 1 0 0 0 0 0 0 0 0 
0 0 1 0 0 0 0 0 0 0 0 0 
1 0 0 0 0 0 0 0 0 0 0 0 
1 0 0 0 0 0 0 0 0 0 0 0 
0 0 0 0 0 0 0 0 0 0 1 0 

0
0 1221
0 1189
1 0 0 0 0 0 0 0 0 0 0 0 
0 1 0 0 0 0 0 0 0 0 0 0 
0 0 1 0 0 0 0 0 0 0 0 0 
0 0 0 1 0 0 0 0 0 0 0 0 
1 0 0 -1 -1 0 0 1 0 0 1 0 
0 0 0 0 0 0 1 0 0 0 0 0 
0 0 0 0 0 1 0 0 0 0 0 0 
0 0 0 0 0 0 0 0 0 0 1 0 
0 1 0 -1 0 0 0 1 -1 0 1 s51 
0 0 1 -1 0 0 0 1 0 -1 1 s34 
0 0 0 0 0 0 0 1 0 0 0 0 

0
0 1222
0 1190
1 0 0 0 0 0 0 0 0 0 0 0 
0 1 0 0 0 0 0 0 0 0 0 0 
0 0 1 0 0 0 0 0 0 0 0 0 
0 0 0 1 0 0 0 0 0 0 0 0 
1 0 0 -1 -1 0 0 1 0 0 1 0 
0 0 0 0 0 0 1 0 0 0 0 0 
0 0 0 0 0 1 0 0 0 0 0 0 
0 0 0 0 0 0 0 0 0 0 1 0 
0 1 0 -1 0 0 0 1 -1 0 1 s51 
0 0 1 -1 0 0 0 1 0 -1 1 s34 
0 0 0 0 0 0 0 1 0 0 0 0 

0
0 1223
0 1191
1 0 0 0 0 0 0 0 0 0 0 0 
0 1 0 0 0 0 0 0 0 0 0 0 
0 0 1 0 0 0 0 0 0 0 0 0 
0 0 0 1 0 0 0 0 0 0 0 0 
1 0 0 -1 -1 0 0 1 0 0 1 0 
0 0 0 0 0 0 1 0 0 0 0 0 
0 0 0 0 0 1 0 0 0 0 0 0 
0 0 0 0 0 0 0 0 0 0 1 0 
0 1 0 -1 0 0 0 1 -1 0 1 s51 
0 0 1 -1 0 0 0 1 0 -1 1 s34 
0 0 0 0 0 0 0 1 0 0 0 0 

0
0 1225
0 1193
1 0 0 0 0 0 0 0 0 0 0 0 
0 1 0 0 0 0 0 0 0 0 0 0 
0 0 1 0 0 0 0 0 0 0 0 0 
0 0 0 1 0 0 0 0 0 0 0 0 
1 0 0 -1 -1 0 0 1 0 0 1 0 
0 0 0 0 0 0 1 0 0 0 0 0 
0 0 0 0 0 1 0 0 0 0 0 0 
0 0 0 0 0 0 0 0 0 0 1 0 
0 1 0 -1 0 0 0 1 -1 0 1 s51 
0 0 1 -1 0 0 0 1 0 -1 1 s34 
0 0 0 0 0 0 0 1 0 0 0 0 

0
0 1226
0 1194
1 0 0 0 0 0 0 0 0 0 0 0 
0 1 0 0 0 0 0 0 0 0 0 0 
0 0 1 0 0 0 0 0 0 0 0 0 
0 0 0 1 0 0 0 0 0 0 0 0 
1 0 0 -1 -1 0 0 1 0 0 1 0 
0 0 0 0 0 0 1 0 0 0 0 0 
0 0 0 0 0 1 0 0 0 0 0 0 
0 0 0 0 0 0 0 0 0 0 1 0 
0 1 0 -1 0 0 0 1 -1 0 1 s51 
0 0 1 -1 0 0 0 1 0 -1 1 s34 
0 0 0 0 0 0 0 1 0 0 0 0 

0
0 1227
0 1195
1 0 0 0 0 0 0 0 0 0 0 0 
0 1 0 0 0 0 0 0 0 0 0 0 
0 0 1 0 0 0 0 0 0 0 0 0 
0 0 0 1 0 0 0 0 0 0 0 0 
1 0 0 -1 -1 0 0 1 0 0 1 0 
0 0 0 0 0 0 1 0 0 0 0 0 
0 0 0 0 0 1 0 0 0 0 0 0 
0 0 0 0 0 0 0 0 0 0 1 0 
0 1 0 -1 0 0 0 1 -1 0 1 s51 
0 0 1 -1 0 0 0 1 0 -1 1 s34 
0 0 0 0 0 0 0 1 0 0 0 0 

0
0 1228
0 1196
1 0 0 0 0 0 0 0 0 0 0 0 
0 1 0 0 0 0 0 0 0 0 0 0 
0 0 1 0 0 0 0 0 0 0 0 0 
0 0 0 1 0 0 0 0 0 0 0 0 
1 0 0 -1 -1 0 0 1 0 0 1 0 
0 0 0 0 0 0 1 0 0 0 0 0 
0 0 0 0 0 1 0 0 0 0 0 0 
0 0 0 0 0 0 0 0 0 0 1 0 
0 1 0 -1 0 0 0 1 -1 0 1 s51 
0 0 1 -1 0 0 0 1 0 -1 1 s34 
0 0 0 0 0 0 0 1 0 0 0 0 

0
0 1229
0 1197
1 0 0 0 0 0 0 0 0 0 0 0 
0 1 0 0 0 0 0 0 0 0 0 0 
0 0 1 0 0 0 0 0 0 0 0 0 
0 0 0 1 0 0 0 0 0 0 0 0 
1 0 0 -1 -1 0 0 1 0 0 1 0 
0 0 0 0 0 0 1 0 0 0 0 0 
0 0 0 0 0 1 0 0 0 0 0 0 
0 0 0 0 0 0 0 0 0 0 1 0 
0 1 0 -1 0 0 0 1 -1 0 1 s51 
0 0 1 -1 0 0 0 1 0 -1 1 s34 
0 0 0 0 0 0 0 1 0 0 0 0 

0
0 1230
0 1198
1 0 0 0 0 0 0 0 0 0 0 0 
0 1 0 0 0 0 0 0 0 0 0 0 
0 0 1 0 0 0 0 0 0 0 0 0 
0 0 0 1 0 0 0 0 0 0 0 0 
1 0 0 -1 -1 0 0 1 0 0 1 0 
0 0 0 0 0 0 1 0 0 0 0 0 
0 0 0 0 0 1 0 0 0 0 0 0 
0 0 0 0 0 0 0 0 0 0 1 0 
0 1 0 -1 0 0 0 1 -1 0 1 s51 
0 0 1 -1 0 0 0 1 0 -1 1 s34 
0 0 0 0 0 0 0 1 0 0 0 0 

0
0 1231
0 1199
1 0 0 0 0 0 0 0 0 0 0 0 
0 1 0 0 0 0 0 0 0 0 0 0 
0 0 1 0 0 0 0 0 0 0 0 0 
0 0 0 1 0 0 0 0 0 0 0 0 
1 0 0 -1 -1 0 0 1 0 0 1 0 
0 0 0 0 0 0 1 0 0 0 0 0 
0 0 0 0 0 1 0 0 0 0 0 0 
0 0 0 0 0 0 0 0 0 0 1 0 
0 1 0 -1 0 0 0 1 -1 0 1 s51 
0 0 1 -1 0 0 0 1 0 -1 1 s34 
0 0 0 0 0 0 0 1 0 0 0 0 

0
0 1233
0 1193
0 0 0 0 0 0 0 1 0 0 0 0 
1 -1 0 0 -1 0 0 1 1 0 0 -s51+s23-s45 
1 0 -1 0 -1 0 0 1 0 1 0 -s34-s45+s12 
1 0 0 -1 -1 0 0 1 0 0 1 0 
0 0 0 1 0 0 0 0 0 0 0 0 
1 0 0 0 0 -1 -1 1 0 0 1 -s45 
0 0 0 0 0 1 0 0 0 0 0 0 
0 0 0 0 0 0 0 0 0 0 1 0 
1 -1 0 1 0 0 0 0 0 0 0 s23-s45 
1 0 -1 1 0 0 0 0 0 0 0 -s45+s12 
1 0 0 0 0 0 0 0 0 0 0 0 

1
0 1240
0 121
0 1 0 0 0 0 0 0 0 0 0 0 
0 1 0 0 0 0 0 0 0 0 0 0 
0 1 0 0 0 0 0 0 0 0 0 0 
0 0 0 0 0 0 1 0 0 0 0 0 
0 0 0 1 0 0 0 0 0 0 0 0 
0 1 0 0 0 0 0 0 0 0 0 0 
0 0 0 0 1 0 0 0 0 0 0 0 
0 0 0 0 0 1 0 0 0 0 0 0 
0 1 0 0 0 0 0 0 0 0 0 0 
0 1 0 0 0 0 0 0 0 0 0 0 
1 0 0 0 0 0 0 0 0 0 0 0 

0
0 1285
0 538
0 0 0 0 1 0 0 0 0 0 0 0 
0 0 0 0 0 0 0 0 1 0 0 0 
0 0 0 0 0 0 0 0 0 1 0 0 
0 0 0 0 0 0 0 0 0 0 1 0 
1 0 0 0 0 0 0 0 0 0 0 0 
0 0 0 1 0 1 1 -1 0 0 -1 0 
0 0 0 0 0 0 1 0 0 0 0 0 
0 0 0 0 0 0 2 -1 0 0 0 0 
0 1 0 0 0 0 0 0 0 0 0 0 
0 0 1 0 0 0 0 0 0 0 0 0 
0 0 0 1 0 0 0 0 0 0 0 0 

0
0 1287
0 794
0 0 0 0 1 0 0 0 0 0 0 0 
0 0 0 0 0 0 0 0 1 0 0 0 
0 0 0 0 0 0 0 0 0 1 0 0 
0 0 0 0 0 0 0 0 0 0 1 0 
1 0 0 0 0 0 0 0 0 0 0 0 
0 0 0 1 0 1 1 -1 0 0 -1 0 
0 0 0 0 0 0 1 0 0 0 0 0 
0 0 0 0 0 0 2 -1 0 0 0 0 
0 1 0 0 0 0 0 0 0 0 0 0 
0 0 1 0 0 0 0 0 0 0 0 0 
0 0 0 1 0 0 0 0 0 0 0 0 

0
0 1289
0 1050
0 0 0 0 1 0 0 0 0 0 0 0 
0 0 0 0 0 0 0 0 1 0 0 0 
0 0 0 0 0 0 0 0 0 1 0 0 
0 0 0 0 0 0 0 0 0 0 1 0 
1 0 0 0 0 0 0 0 0 0 0 0 
0 0 0 1 0 1 1 -1 0 0 -1 0 
0 0 0 0 0 0 1 0 0 0 0 0 
0 0 0 0 0 0 2 -1 0 0 0 0 
0 1 0 0 0 0 0 0 0 0 0 0 
0 0 1 0 0 0 0 0 0 0 0 0 
0 0 0 1 0 0 0 0 0 0 0 0 

0
0 1301
0 539
0 0 0 0 1 0 0 0 0 0 0 0 
0 0 0 0 0 0 0 0 1 0 0 0 
0 0 0 0 0 0 0 0 0 1 0 0 
0 0 0 0 0 0 0 0 0 0 1 0 
1 0 0 0 0 0 0 0 0 0 0 0 
0 0 0 1 0 1 1 -1 0 0 -1 0 
0 0 0 0 0 0 1 0 0 0 0 0 
0 0 0 0 0 0 2 -1 0 0 0 0 
0 1 0 0 0 0 0 0 0 0 0 0 
0 0 1 0 0 0 0 0 0 0 0 0 
0 0 0 1 0 0 0 0 0 0 0 0 

0
0 1303
0 795
0 0 0 0 1 0 0 0 0 0 0 0 
0 0 0 0 0 0 0 0 1 0 0 0 
0 0 0 0 0 0 0 0 0 1 0 0 
0 0 0 0 0 0 0 0 0 0 1 0 
1 0 0 0 0 0 0 0 0 0 0 0 
0 0 0 1 0 1 1 -1 0 0 -1 0 
0 0 0 0 0 0 1 0 0 0 0 0 
0 0 0 0 0 0 2 -1 0 0 0 0 
0 1 0 0 0 0 0 0 0 0 0 0 
0 0 1 0 0 0 0 0 0 0 0 0 
0 0 0 1 0 0 0 0 0 0 0 0 

0
0 1305
0 1051
0 0 0 0 1 0 0 0 0 0 0 0 
0 0 0 0 0 0 0 0 1 0 0 0 
0 0 0 0 0 0 0 0 0 1 0 0 
0 0 0 0 0 0 0 0 0 0 1 0 
1 0 0 0 0 0 0 0 0 0 0 0 
0 0 0 1 0 1 1 -1 0 0 -1 0 
0 0 0 0 0 0 1 0 0 0 0 0 
0 0 0 0 0 0 2 -1 0 0 0 0 
0 1 0 0 0 0 0 0 0 0 0 0 
0 0 1 0 0 0 0 0 0 0 0 0 
0 0 0 1 0 0 0 0 0 0 0 0 

0
0 1306
0 1291
0 0 0 0 1 0 0 0 0 0 0 0 
0 0 0 0 0 0 0 0 1 0 0 0 
0 0 0 0 0 0 0 0 0 1 0 0 
0 0 0 0 0 0 0 0 0 0 1 0 
1 0 0 0 0 0 0 0 0 0 0 0 
0 0 0 1 0 1 1 -1 0 0 -1 0 
0 0 0 0 0 0 1 0 0 0 0 0 
0 0 0 0 0 0 2 -1 0 0 0 0 
0 1 0 0 0 0 0 0 0 0 0 0 
0 0 1 0 0 0 0 0 0 0 0 0 
0 0 0 1 0 0 0 0 0 0 0 0 

0
0 1345
0 90
0 0 0 0 1 0 0 0 0 0 0 0 
0 0 0 0 0 0 0 0 1 0 0 0 
0 0 0 0 0 0 0 0 0 1 0 0 
0 0 0 0 0 0 0 0 0 0 1 0 
1 0 0 0 0 0 0 0 0 0 0 0 
0 0 0 1 0 1 1 -1 0 0 -1 0 
0 0 0 0 0 0 1 0 0 0 0 0 
0 0 0 0 0 0 2 -1 0 0 0 0 
0 1 0 0 0 0 0 0 0 0 0 0 
0 0 1 0 0 0 0 0 0 0 0 0 
0 0 0 1 0 0 0 0 0 0 0 0 

0
0 1346
0 170
0 0 0 0 -1 1 0 0 1 0 0 -s51 
0 0 0 0 0 1 0 0 0 0 0 0 
0 0 0 0 0 1 0 0 1 -1 0 s34-s51 
0 0 0 0 0 1 0 0 1 0 -1 -s51+s23 
-1 1 0 1 0 0 0 0 0 0 0 -s23+s45 
0 1 0 0 0 -1 -1 1 0 0 1 s51-s23 
0 0 0 0 0 0 0 1 0 0 0 0 
0 0 0 0 0 0 -1 2 0 0 0 0 
0 0 0 1 0 0 0 0 0 0 0 0 
0 1 -1 1 0 0 0 0 0 0 0 -s23 
0 1 0 0 0 0 0 0 0 0 0 0 

0
0 1347
0 346
0 0 0 0 1 0 0 0 0 0 0 0 
0 0 0 0 0 0 0 0 1 0 0 0 
0 0 0 0 0 0 0 0 0 1 0 0 
0 0 0 0 0 0 0 0 0 0 1 0 
1 0 0 0 0 0 0 0 0 0 0 0 
0 0 0 1 0 1 1 -1 0 0 -1 0 
0 0 0 0 0 0 1 0 0 0 0 0 
0 0 0 0 0 0 2 -1 0 0 0 0 
0 1 0 0 0 0 0 0 0 0 0 0 
0 0 1 0 0 0 0 0 0 0 0 0 
0 0 0 1 0 0 0 0 0 0 0 0 

0
0 1348
0 586
1 0 -1 0 -1 0 1 0 0 1 0 s12 
0 1 -1 0 0 0 1 0 -1 1 0 0 
0 0 0 0 0 0 1 0 0 0 0 0 
0 0 -1 1 0 0 1 0 0 1 -1 0 
1 0 0 0 0 0 0 0 0 0 0 0 
0 0 0 1 0 1 1 -1 0 0 -1 0 
0 0 0 0 0 0 0 0 0 1 0 0 
0 0 0 0 0 1 0 0 0 1 -1 -s34 
0 1 0 0 0 0 0 0 0 0 0 0 
0 0 1 0 0 0 0 0 0 0 0 0 
0 0 0 1 0 0 0 0 0 0 0 0 

0
0 1349
0 602
0 0 0 0 1 0 0 0 0 0 0 0 
0 0 0 0 0 0 0 0 1 0 0 0 
0 0 0 0 0 0 0 0 0 1 0 0 
0 0 0 0 0 0 0 0 0 0 1 0 
1 0 0 0 0 0 0 0 0 0 0 0 
0 0 0 1 0 1 1 -1 0 0 -1 0 
0 0 0 0 0 0 1 0 0 0 0 0 
0 0 0 0 0 0 2 -1 0 0 0 0 
0 1 0 0 0 0 0 0 0 0 0 0 
0 0 1 0 0 0 0 0 0 0 0 0 
0 0 0 1 0 0 0 0 0 0 0 0 

0
0 1350
0 842
0 0 0 0 1 0 0 0 0 0 0 0 
0 0 0 0 0 0 0 0 1 0 0 0 
0 0 0 0 0 0 0 0 0 1 0 0 
0 0 0 0 0 0 0 0 0 0 1 0 
1 0 0 0 0 0 0 0 0 0 0 0 
0 0 0 1 0 1 1 -1 0 0 -1 0 
0 0 0 0 0 0 1 0 0 0 0 0 
0 0 0 0 0 0 2 -1 0 0 0 0 
0 1 0 0 0 0 0 0 0 0 0 0 
0 0 1 0 0 0 0 0 0 0 0 0 
0 0 0 1 0 0 0 0 0 0 0 0 

0
0 1351
0 858
0 0 0 0 1 0 0 0 0 0 0 0 
0 0 0 0 0 0 0 0 1 0 0 0 
0 0 0 0 0 0 0 0 0 1 0 0 
0 0 0 0 0 0 0 0 0 0 1 0 
1 0 0 0 0 0 0 0 0 0 0 0 
0 0 0 1 0 1 1 -1 0 0 -1 0 
0 0 0 0 0 0 1 0 0 0 0 0 
0 0 0 0 0 0 2 -1 0 0 0 0 
0 1 0 0 0 0 0 0 0 0 0 0 
0 0 1 0 0 0 0 0 0 0 0 0 
0 0 0 1 0 0 0 0 0 0 0 0 

0
0 1352
0 170
0 0 0 0 1 1 0 0 0 0 -1 s45 
0 0 0 0 0 1 0 0 1 0 -1 -s51+s23 
0 0 0 0 0 1 0 0 0 1 -1 -s34 
0 0 0 0 0 1 0 0 0 0 0 0 
1 0 0 0 0 0 0 0 0 0 0 0 
0 0 0 1 0 1 1 -1 0 0 -1 0 
0 0 0 0 0 0 0 1 0 0 0 0 
0 0 0 0 0 0 1 0 0 0 0 0 
0 1 0 0 0 0 0 0 0 0 0 0 
0 0 1 0 0 0 0 0 0 0 0 0 
0 0 0 1 0 0 0 0 0 0 0 0 

0
0 1353
0 1114
0 0 0 0 1 0 0 0 0 0 0 0 
0 0 0 0 0 0 0 0 1 0 0 0 
0 0 0 0 0 0 0 0 0 1 0 0 
0 0 0 0 0 0 0 0 0 0 1 0 
1 0 0 0 0 0 0 0 0 0 0 0 
0 0 0 1 0 1 1 -1 0 0 -1 0 
0 0 0 0 0 0 1 0 0 0 0 0 
0 0 0 0 0 0 2 -1 0 0 0 0 
0 1 0 0 0 0 0 0 0 0 0 0 
0 0 1 0 0 0 0 0 0 0 0 0 
0 0 0 1 0 0 0 0 0 0 0 0 

1
0 1356
0 842
1 0 0 0 0 0 0 0 0 0 0 0 
1 0 0 0 0 0 0 0 0 0 0 0 
0 0 0 0 0 0 0 0 0 1 0 0 
0 0 0 0 0 0 0 0 1 0 0 0 
1 0 0 0 0 0 0 0 0 0 0 0 
1 0 0 0 0 0 0 0 0 0 0 0 
0 0 0 0 0 0 1 0 0 0 0 0 
1 0 0 0 0 0 0 0 0 0 0 0 
0 0 0 1 0 0 0 0 0 0 0 0 
1 0 0 0 0 0 0 0 0 0 0 0 
0 1 0 0 0 0 0 0 0 0 0 0 

0
0 1361
0 91
0 0 0 0 1 0 0 0 0 0 0 0 
0 0 0 0 0 0 0 0 1 0 0 0 
0 0 0 0 0 0 0 0 0 1 0 0 
0 0 0 0 0 0 0 0 0 0 1 0 
1 0 0 0 0 0 0 0 0 0 0 0 
0 0 0 1 0 1 1 -1 0 0 -1 0 
0 0 0 0 0 0 1 0 0 0 0 0 
0 0 0 0 0 0 2 -1 0 0 0 0 
0 1 0 0 0 0 0 0 0 0 0 0 
0 0 1 0 0 0 0 0 0 0 0 0 
0 0 0 1 0 0 0 0 0 0 0 0 

0
0 1362
0 331
1 -1 0 0 -1 0 1 0 1 0 0 0 
0 0 0 0 0 0 1 0 0 0 0 0 
0 -1 1 0 0 0 1 0 1 -1 0 0 
0 -1 0 1 0 0 1 0 1 0 -1 s23 
1 0 0 0 0 0 0 0 0 0 0 0 
0 0 0 1 0 1 1 -1 0 0 -1 0 
0 0 0 0 0 0 0 0 1 0 0 0 
0 0 0 0 0 1 0 0 1 0 -1 -s51+s23 
0 1 0 0 0 0 0 0 0 0 0 0 
0 0 1 0 0 0 0 0 0 0 0 0 
0 0 0 1 0 0 0 0 0 0 0 0 

0
0 1363
0 347
0 0 0 0 1 0 0 0 0 0 0 0 
0 0 0 0 0 0 0 0 1 0 0 0 
0 0 0 0 0 0 0 0 0 1 0 0 
0 0 0 0 0 0 0 0 0 0 1 0 
1 0 0 0 0 0 0 0 0 0 0 0 
0 0 0 1 0 1 1 -1 0 0 -1 0 
0 0 0 0 0 0 1 0 0 0 0 0 
0 0 0 0 0 0 2 -1 0 0 0 0 
0 1 0 0 0 0 0 0 0 0 0 0 
0 0 1 0 0 0 0 0 0 0 0 0 
0 0 0 1 0 0 0 0 0 0 0 0 

0
0 1364
0 587
1 0 -1 0 -1 0 1 0 0 1 0 s12 
0 1 -1 0 0 0 1 0 -1 1 0 0 
0 0 0 0 0 0 1 0 0 0 0 0 
0 0 -1 1 0 0 1 0 0 1 -1 0 
1 0 0 0 0 0 0 0 0 0 0 0 
0 0 0 1 0 1 1 -1 0 0 -1 0 
0 0 0 0 0 0 0 0 0 1 0 0 
0 0 0 0 0 1 0 0 0 1 -1 -s34 
0 1 0 0 0 0 0 0 0 0 0 0 
0 0 1 0 0 0 0 0 0 0 0 0 
0 0 0 1 0 0 0 0 0 0 0 0 

0
0 1365
0 603
0 0 0 0 1 0 0 0 0 0 0 0 
0 0 0 0 0 0 0 0 1 0 0 0 
0 0 0 0 0 0 0 0 0 1 0 0 
0 0 0 0 0 0 0 0 0 0 1 0 
1 0 0 0 0 0 0 0 0 0 0 0 
0 0 0 1 0 1 1 -1 0 0 -1 0 
0 0 0 0 0 0 1 0 0 0 0 0 
0 0 0 0 0 0 2 -1 0 0 0 0 
0 1 0 0 0 0 0 0 0 0 0 0 
0 0 1 0 0 0 0 0 0 0 0 0 
0 0 0 1 0 0 0 0 0 0 0 0 

0
0 1366
0 843
0 0 0 0 1 0 0 0 0 0 0 0 
0 0 0 0 0 0 0 0 1 0 0 0 
0 0 0 0 0 0 0 0 0 1 0 0 
0 0 0 0 0 0 0 0 0 0 1 0 
1 0 0 0 0 0 0 0 0 0 0 0 
0 0 0 1 0 1 1 -1 0 0 -1 0 
0 0 0 0 0 0 1 0 0 0 0 0 
0 0 0 0 0 0 2 -1 0 0 0 0 
0 1 0 0 0 0 0 0 0 0 0 0 
0 0 1 0 0 0 0 0 0 0 0 0 
0 0 0 1 0 0 0 0 0 0 0 0 

0
0 1367
0 859
0 0 0 0 1 0 0 0 0 0 0 0 
0 0 0 0 0 0 0 0 1 0 0 0 
0 0 0 0 0 0 0 0 0 1 0 0 
0 0 0 0 0 0 0 0 0 0 1 0 
1 0 0 0 0 0 0 0 0 0 0 0 
0 0 0 1 0 1 1 -1 0 0 -1 0 
0 0 0 0 0 0 1 0 0 0 0 0 
0 0 0 0 0 0 2 -1 0 0 0 0 
0 1 0 0 0 0 0 0 0 0 0 0 
0 0 1 0 0 0 0 0 0 0 0 0 
0 0 0 1 0 0 0 0 0 0 0 0 

0
0 1368
0 171
0 0 0 0 1 1 0 0 0 0 -1 s45 
0 0 0 0 0 1 0 0 1 0 -1 -s51+s23 
0 0 0 0 0 1 0 0 0 1 -1 -s34 
0 0 0 0 0 1 0 0 0 0 0 0 
1 0 0 0 0 0 0 0 0 0 0 0 
0 0 0 1 0 1 1 -1 0 0 -1 0 
0 0 0 0 0 0 0 1 0 0 0 0 
0 0 0 0 0 0 1 0 0 0 0 0 
0 1 0 0 0 0 0 0 0 0 0 0 
0 0 1 0 0 0 0 0 0 0 0 0 
0 0 0 1 0 0 0 0 0 0 0 0 

0
0 1369
0 1115
0 0 0 0 1 0 0 0 0 0 0 0 
0 0 0 0 0 0 0 0 1 0 0 0 
0 0 0 0 0 0 0 0 0 1 0 0 
0 0 0 0 0 0 0 0 0 0 1 0 
1 0 0 0 0 0 0 0 0 0 0 0 
0 0 0 1 0 1 1 -1 0 0 -1 0 
0 0 0 0 0 0 1 0 0 0 0 0 
0 0 0 0 0 0 2 -1 0 0 0 0 
0 1 0 0 0 0 0 0 0 0 0 0 
0 0 1 0 0 0 0 0 0 0 0 0 
0 0 0 1 0 0 0 0 0 0 0 0 

0
0 1370
0 1355
0 0 0 0 1 0 0 0 0 0 0 0 
0 0 0 0 0 0 0 0 1 0 0 0 
0 0 0 0 0 0 0 0 0 1 0 0 
0 0 0 0 0 0 0 0 0 0 1 0 
1 0 0 0 0 0 0 0 0 0 0 0 
0 0 0 1 0 1 1 -1 0 0 -1 0 
0 0 0 0 0 0 1 0 0 0 0 0 
0 0 0 0 0 0 2 -1 0 0 0 0 
0 1 0 0 0 0 0 0 0 0 0 0 
0 0 1 0 0 0 0 0 0 0 0 0 
0 0 0 1 0 0 0 0 0 0 0 0 

0
0 1410
0 1162
-1 1 0 0 1 0 0 1 -1 0 0 s51-s23+s45 
0 0 0 0 0 0 0 1 0 0 0 0 
0 1 -1 0 0 0 0 1 -1 1 0 -s34+s51-s23 
0 1 0 -1 0 0 0 1 -1 0 1 s51 
-1 1 0 1 0 0 0 0 0 0 0 -s23+s45 
0 1 0 0 0 -1 -1 1 0 0 1 s51-s23 
0 0 0 0 0 1 0 0 0 0 0 0 
0 0 0 0 0 0 0 0 0 0 1 0 
0 0 0 1 0 0 0 0 0 0 0 0 
0 1 -1 1 0 0 0 0 0 0 0 -s23 
0 1 0 0 0 0 0 0 0 0 0 0 

0
0 1416
0 106
0 0 0 0 1 1 0 0 0 0 -1 s45 
0 0 0 0 0 1 0 0 1 0 -1 -s51+s23 
0 0 0 0 0 1 0 0 0 1 -1 -s34 
0 0 0 0 0 1 0 0 0 0 0 0 
1 0 0 0 0 0 0 0 0 0 0 0 
0 0 0 1 0 1 1 -1 0 0 -1 0 
0 0 0 0 0 0 0 1 0 0 0 0 
0 0 0 0 0 0 1 0 0 0 0 0 
0 1 0 0 0 0 0 0 0 0 0 0 
0 0 1 0 0 0 0 0 0 0 0 0 
0 0 0 1 0 0 0 0 0 0 0 0 

0
0 1432
0 107
0 0 0 0 1 1 0 0 0 0 -1 s45 
0 0 0 0 0 1 0 0 1 0 -1 -s51+s23 
0 0 0 0 0 1 0 0 0 1 -1 -s34 
0 0 0 0 0 1 0 0 0 0 0 0 
1 0 0 0 0 0 0 0 0 0 0 0 
0 0 0 1 0 1 1 -1 0 0 -1 0 
0 0 0 0 0 0 0 1 0 0 0 0 
0 0 0 0 0 0 1 0 0 0 0 0 
0 1 0 0 0 0 0 0 0 0 0 0 
0 0 1 0 0 0 0 0 0 0 0 0 
0 0 0 1 0 0 0 0 0 0 0 0 

0
0 1474
0 1194
-1 1 0 0 1 0 0 1 -1 0 0 s51-s23+s45 
0 0 0 0 0 0 0 1 0 0 0 0 
0 1 -1 0 0 0 0 1 -1 1 0 -s34+s51-s23 
0 1 0 -1 0 0 0 1 -1 0 1 s51 
-1 1 0 1 0 0 0 0 0 0 0 -s23+s45 
0 1 0 0 0 -1 -1 1 0 0 1 s51-s23 
0 0 0 0 0 1 0 0 0 0 0 0 
0 0 0 0 0 0 0 0 0 0 1 0 
0 0 0 1 0 0 0 0 0 0 0 0 
0 1 -1 1 0 0 0 0 0 0 0 -s23 
0 1 0 0 0 0 0 0 0 0 0 0 

0
0 1480
0 234
0 0 0 0 1 1 0 0 0 0 -1 s45 
0 0 0 0 0 1 0 0 1 0 -1 -s51+s23 
0 0 0 0 0 1 0 0 0 1 -1 -s34 
0 0 0 0 0 1 0 0 0 0 0 0 
1 0 0 0 0 0 0 0 0 0 0 0 
0 0 0 1 0 1 1 -1 0 0 -1 0 
0 0 0 0 0 0 0 1 0 0 0 0 
0 0 0 0 0 0 1 0 0 0 0 0 
0 1 0 0 0 0 0 0 0 0 0 0 
0 0 1 0 0 0 0 0 0 0 0 0 
0 0 0 1 0 0 0 0 0 0 0 0 

0
0 1496
0 235
0 0 0 0 1 1 0 0 0 0 -1 s45 
0 0 0 0 0 1 0 0 1 0 -1 -s51+s23 
0 0 0 0 0 1 0 0 0 1 -1 -s34 
0 0 0 0 0 1 0 0 0 0 0 0 
1 0 0 0 0 0 0 0 0 0 0 0 
0 0 0 1 0 1 1 -1 0 0 -1 0 
0 0 0 0 0 0 0 1 0 0 0 0 
0 0 0 0 0 0 1 0 0 0 0 0 
0 1 0 0 0 0 0 0 0 0 0 0 
0 0 1 0 0 0 0 0 0 0 0 0 
0 0 0 1 0 0 0 0 0 0 0 0 

0
0 1557
0 541
0 0 0 0 1 0 0 0 0 0 0 0 
0 0 0 0 0 0 0 0 1 0 0 0 
0 0 0 0 0 0 0 0 0 1 0 0 
0 0 0 0 0 0 0 0 0 0 1 0 
1 0 0 0 0 0 0 0 0 0 0 0 
0 0 0 1 0 1 1 -1 0 0 -1 0 
0 0 0 0 0 0 1 0 0 0 0 0 
0 0 0 0 0 0 2 -1 0 0 0 0 
0 1 0 0 0 0 0 0 0 0 0 0 
0 0 1 0 0 0 0 0 0 0 0 0 
0 0 0 1 0 0 0 0 0 0 0 0 

0
0 1559
0 797
0 0 0 0 1 0 0 0 0 0 0 0 
0 0 0 0 0 0 0 0 1 0 0 0 
0 0 0 0 0 0 0 0 0 1 0 0 
0 0 0 0 0 0 0 0 0 0 1 0 
1 0 0 0 0 0 0 0 0 0 0 0 
0 0 0 1 0 1 1 -1 0 0 -1 0 
0 0 0 0 0 0 1 0 0 0 0 0 
0 0 0 0 0 0 2 -1 0 0 0 0 
0 1 0 0 0 0 0 0 0 0 0 0 
0 0 1 0 0 0 0 0 0 0 0 0 
0 0 0 1 0 0 0 0 0 0 0 0 

0
0 1561
0 1053
0 0 0 0 1 0 0 0 0 0 0 0 
0 0 0 0 0 0 0 0 1 0 0 0 
0 0 0 0 0 0 0 0 0 1 0 0 
0 0 0 0 0 0 0 0 0 0 1 0 
1 0 0 0 0 0 0 0 0 0 0 0 
0 0 0 1 0 1 1 -1 0 0 -1 0 
0 0 0 0 0 0 1 0 0 0 0 0 
0 0 0 0 0 0 2 -1 0 0 0 0 
0 1 0 0 0 0 0 0 0 0 0 0 
0 0 1 0 0 0 0 0 0 0 0 0 
0 0 0 1 0 0 0 0 0 0 0 0 

0
0 1562
0 1293
0 0 0 0 1 0 0 0 0 0 0 0 
0 0 0 0 0 0 0 0 1 0 0 0 
0 0 0 0 0 0 0 0 0 1 0 0 
0 0 0 0 0 0 0 0 0 0 1 0 
1 0 0 0 0 0 0 0 0 0 0 0 
0 0 0 1 0 1 1 -1 0 0 -1 0 
0 0 0 0 0 0 1 0 0 0 0 0 
0 0 0 0 0 0 2 -1 0 0 0 0 
0 1 0 0 0 0 0 0 0 0 0 0 
0 0 1 0 0 0 0 0 0 0 0 0 
0 0 0 1 0 0 0 0 0 0 0 0 

0
0 1563
0 1309
0 0 0 0 1 0 0 0 0 0 0 0 
0 0 0 0 0 0 0 0 1 0 0 0 
0 0 0 0 0 0 0 0 0 1 0 0 
0 0 0 0 0 0 0 0 0 0 1 0 
1 0 0 0 0 0 0 0 0 0 0 0 
0 0 0 1 0 1 1 -1 0 0 -1 0 
0 0 0 0 0 0 1 0 0 0 0 0 
0 0 0 0 0 0 2 -1 0 0 0 0 
0 1 0 0 0 0 0 0 0 0 0 0 
0 0 1 0 0 0 0 0 0 0 0 0 
0 0 0 1 0 0 0 0 0 0 0 0 

0
0 1601
0 92
0 0 0 0 1 0 0 0 0 0 0 0 
0 0 0 0 0 0 0 0 1 0 0 0 
0 0 0 0 0 0 0 0 0 1 0 0 
0 0 0 0 0 0 0 0 0 0 1 0 
1 0 0 0 0 0 0 0 0 0 0 0 
0 0 0 1 0 1 1 -1 0 0 -1 0 
0 0 0 0 0 0 1 0 0 0 0 0 
0 0 0 0 0 0 2 -1 0 0 0 0 
0 1 0 0 0 0 0 0 0 0 0 0 
0 0 1 0 0 0 0 0 0 0 0 0 
0 0 0 1 0 0 0 0 0 0 0 0 

1
0 1602
0 166
1 0 0 0 0 0 0 0 0 0 0 0 
0 0 0 0 0 1 0 0 0 0 0 0 
1 0 0 0 0 0 0 0 0 0 0 0 
1 0 0 0 0 0 0 0 0 0 0 0 
1 0 0 0 0 0 0 0 0 0 0 0 
1 0 0 0 0 0 0 0 0 0 0 0 
0 0 0 0 0 0 0 1 0 0 0 0 
1 0 0 0 0 0 0 0 0 0 0 0 
1 0 0 0 0 0 0 0 0 0 0 0 
0 0 1 0 0 0 0 0 0 0 0 0 
0 1 0 0 0 0 0 0 0 0 0 0 

0
0 1603
0 348
0 0 0 0 1 0 0 0 0 0 0 0 
0 0 0 0 0 0 0 0 1 0 0 0 
0 0 0 0 0 0 0 0 0 1 0 0 
0 0 0 0 0 0 0 0 0 0 1 0 
1 0 0 0 0 0 0 0 0 0 0 0 
0 0 0 1 0 1 1 -1 0 0 -1 0 
0 0 0 0 0 0 1 0 0 0 0 0 
0 0 0 0 0 0 2 -1 0 0 0 0 
0 1 0 0 0 0 0 0 0 0 0 0 
0 0 1 0 0 0 0 0 0 0 0 0 
0 0 0 1 0 0 0 0 0 0 0 0 

0
0 1605
0 604
0 0 0 0 1 0 0 0 0 0 0 0 
0 0 0 0 0 0 0 0 1 0 0 0 
0 0 0 0 0 0 0 0 0 1 0 0 
0 0 0 0 0 0 0 0 0 0 1 0 
1 0 0 0 0 0 0 0 0 0 0 0 
0 0 0 1 0 1 1 -1 0 0 -1 0 
0 0 0 0 0 0 1 0 0 0 0 0 
0 0 0 0 0 0 2 -1 0 0 0 0 
0 1 0 0 0 0 0 0 0 0 0 0 
0 0 1 0 0 0 0 0 0 0 0 0 
0 0 0 1 0 0 0 0 0 0 0 0 

0
0 1606
0 844
0 0 0 0 1 0 0 0 0 0 0 0 
0 0 0 0 0 0 0 0 1 0 0 0 
0 0 0 0 0 0 0 0 0 1 0 0 
0 0 0 0 0 0 0 0 0 0 1 0 
1 0 0 0 0 0 0 0 0 0 0 0 
0 0 0 1 0 1 1 -1 0 0 -1 0 
0 0 0 0 0 0 1 0 0 0 0 0 
0 0 0 0 0 0 2 -1 0 0 0 0 
0 1 0 0 0 0 0 0 0 0 0 0 
0 0 1 0 0 0 0 0 0 0 0 0 
0 0 0 1 0 0 0 0 0 0 0 0 

0
0 1607
0 860
0 0 0 0 1 0 0 0 0 0 0 0 
0 0 0 0 0 0 0 0 1 0 0 0 
0 0 0 0 0 0 0 0 0 1 0 0 
0 0 0 0 0 0 0 0 0 0 1 0 
1 0 0 0 0 0 0 0 0 0 0 0 
0 0 0 1 0 1 1 -1 0 0 -1 0 
0 0 0 0 0 0 1 0 0 0 0 0 
0 0 0 0 0 0 2 -1 0 0 0 0 
0 1 0 0 0 0 0 0 0 0 0 0 
0 0 1 0 0 0 0 0 0 0 0 0 
0 0 0 1 0 0 0 0 0 0 0 0 

0
0 1609
0 1116
0 0 0 0 1 0 0 0 0 0 0 0 
0 0 0 0 0 0 0 0 1 0 0 0 
0 0 0 0 0 0 0 0 0 1 0 0 
0 0 0 0 0 0 0 0 0 0 1 0 
1 0 0 0 0 0 0 0 0 0 0 0 
0 0 0 1 0 1 1 -1 0 0 -1 0 
0 0 0 0 0 0 1 0 0 0 0 0 
0 0 0 0 0 0 2 -1 0 0 0 0 
0 1 0 0 0 0 0 0 0 0 0 0 
0 0 1 0 0 0 0 0 0 0 0 0 
0 0 0 1 0 0 0 0 0 0 0 0 

1
0 1610
0 842
1 0 0 0 0 0 0 0 0 0 0 0 
0 0 0 1 0 0 0 0 0 0 0 0 
1 0 0 0 0 0 0 0 0 0 0 0 
0 1 0 0 0 0 0 0 0 0 0 0 
1 0 0 0 0 0 0 0 0 0 0 0 
1 0 0 0 0 0 0 0 0 0 0 0 
0 0 0 0 0 0 1 0 0 0 0 0 
1 0 0 0 0 0 0 0 0 0 0 0 
1 0 0 0 0 0 0 0 0 0 0 0 
0 0 0 0 0 0 0 0 0 1 0 0 
0 0 0 0 0 0 0 0 1 0 0 0 

0
0 1611
0 1372
0 0 0 0 1 0 0 0 0 0 0 0 
0 0 0 0 0 0 0 0 1 0 0 0 
0 0 0 0 0 0 0 0 0 1 0 0 
0 0 0 0 0 0 0 0 0 0 1 0 
1 0 0 0 0 0 0 0 0 0 0 0 
0 0 0 1 0 1 1 -1 0 0 -1 0 
0 0 0 0 0 0 1 0 0 0 0 0 
0 0 0 0 0 0 2 -1 0 0 0 0 
0 1 0 0 0 0 0 0 0 0 0 0 
0 0 1 0 0 0 0 0 0 0 0 0 
0 0 0 1 0 0 0 0 0 0 0 0 

1
0 1614
0 846
1 0 0 0 0 0 0 0 0 0 0 0 
0 0 0 1 0 0 0 0 0 0 0 0 
0 0 1 0 0 0 0 0 0 0 0 0 
0 1 0 0 0 0 0 0 0 0 0 0 
1 0 0 0 0 0 0 0 0 0 0 0 
1 0 0 0 0 0 0 0 0 0 0 0 
0 0 0 0 0 0 1 0 0 0 0 0 
1 0 0 0 0 0 0 0 0 0 0 0 
1 0 0 0 0 0 0 0 0 0 0 0 
0 0 0 0 0 0 0 0 0 1 0 0 
0 0 0 0 0 0 0 0 1 0 0 0 

0
0 1617
0 93
0 0 0 0 1 0 0 0 0 0 0 0 
0 0 0 0 0 0 0 0 1 0 0 0 
0 0 0 0 0 0 0 0 0 1 0 0 
0 0 0 0 0 0 0 0 0 0 1 0 
1 0 0 0 0 0 0 0 0 0 0 0 
0 0 0 1 0 1 1 -1 0 0 -1 0 
0 0 0 0 0 0 1 0 0 0 0 0 
0 0 0 0 0 0 2 -1 0 0 0 0 
0 1 0 0 0 0 0 0 0 0 0 0 
0 0 1 0 0 0 0 0 0 0 0 0 
0 0 0 1 0 0 0 0 0 0 0 0 

0
0 1618
0 333
1 -1 0 0 -1 0 1 0 1 0 0 0 
0 0 0 0 0 0 1 0 0 0 0 0 
0 -1 1 0 0 0 1 0 1 -1 0 0 
0 -1 0 1 0 0 1 0 1 0 -1 s23 
1 0 0 0 0 0 0 0 0 0 0 0 
0 0 0 1 0 1 1 -1 0 0 -1 0 
0 0 0 0 0 0 0 0 1 0 0 0 
0 0 0 0 0 1 0 0 1 0 -1 -s51+s23 
0 1 0 0 0 0 0 0 0 0 0 0 
0 0 1 0 0 0 0 0 0 0 0 0 
0 0 0 1 0 0 0 0 0 0 0 0 

0
0 1619
0 349
0 0 0 0 1 0 0 0 0 0 0 0 
0 0 0 0 0 0 0 0 1 0 0 0 
0 0 0 0 0 0 0 0 0 1 0 0 
0 0 0 0 0 0 0 0 0 0 1 0 
1 0 0 0 0 0 0 0 0 0 0 0 
0 0 0 1 0 1 1 -1 0 0 -1 0 
0 0 0 0 0 0 1 0 0 0 0 0 
0 0 0 0 0 0 2 -1 0 0 0 0 
0 1 0 0 0 0 0 0 0 0 0 0 
0 0 1 0 0 0 0 0 0 0 0 0 
0 0 0 1 0 0 0 0 0 0 0 0 

0
0 1620
0 589
1 0 -1 0 -1 0 1 0 0 1 0 s12 
0 1 -1 0 0 0 1 0 -1 1 0 0 
0 0 0 0 0 0 1 0 0 0 0 0 
0 0 -1 1 0 0 1 0 0 1 -1 0 
1 0 0 0 0 0 0 0 0 0 0 0 
0 0 0 1 0 1 1 -1 0 0 -1 0 
0 0 0 0 0 0 0 0 0 1 0 0 
0 0 0 0 0 1 0 0 0 1 -1 -s34 
0 1 0 0 0 0 0 0 0 0 0 0 
0 0 1 0 0 0 0 0 0 0 0 0 
0 0 0 1 0 0 0 0 0 0 0 0 

0
0 1621
0 605
0 0 0 0 1 0 0 0 0 0 0 0 
0 0 0 0 0 0 0 0 1 0 0 0 
0 0 0 0 0 0 0 0 0 1 0 0 
0 0 0 0 0 0 0 0 0 0 1 0 
1 0 0 0 0 0 0 0 0 0 0 0 
0 0 0 1 0 1 1 -1 0 0 -1 0 
0 0 0 0 0 0 1 0 0 0 0 0 
0 0 0 0 0 0 2 -1 0 0 0 0 
0 1 0 0 0 0 0 0 0 0 0 0 
0 0 1 0 0 0 0 0 0 0 0 0 
0 0 0 1 0 0 0 0 0 0 0 0 

0
0 1622
0 845
0 0 0 0 1 0 0 0 0 0 0 0 
0 0 0 0 0 0 0 0 1 0 0 0 
0 0 0 0 0 0 0 0 0 1 0 0 
0 0 0 0 0 0 0 0 0 0 1 0 
1 0 0 0 0 0 0 0 0 0 0 0 
0 0 0 1 0 1 1 -1 0 0 -1 0 
0 0 0 0 0 0 1 0 0 0 0 0 
0 0 0 0 0 0 2 -1 0 0 0 0 
0 1 0 0 0 0 0 0 0 0 0 0 
0 0 1 0 0 0 0 0 0 0 0 0 
0 0 0 1 0 0 0 0 0 0 0 0 

0
0 1623
0 861
0 0 0 0 1 0 0 0 0 0 0 0 
0 0 0 0 0 0 0 0 1 0 0 0 
0 0 0 0 0 0 0 0 0 1 0 0 
0 0 0 0 0 0 0 0 0 0 1 0 
1 0 0 0 0 0 0 0 0 0 0 0 
0 0 0 1 0 1 1 -1 0 0 -1 0 
0 0 0 0 0 0 1 0 0 0 0 0 
0 0 0 0 0 0 2 -1 0 0 0 0 
0 1 0 0 0 0 0 0 0 0 0 0 
0 0 1 0 0 0 0 0 0 0 0 0 
0 0 0 1 0 0 0 0 0 0 0 0 

0
0 1624
0 173
0 0 0 0 1 1 0 0 0 0 -1 s45 
0 0 0 0 0 1 0 0 1 0 -1 -s51+s23 
0 0 0 0 0 1 0 0 0 1 -1 -s34 
0 0 0 0 0 1 0 0 0 0 0 0 
1 0 0 0 0 0 0 0 0 0 0 0 
0 0 0 1 0 1 1 -1 0 0 -1 0 
0 0 0 0 0 0 0 1 0 0 0 0 
0 0 0 0 0 0 1 0 0 0 0 0 
0 1 0 0 0 0 0 0 0 0 0 0 
0 0 1 0 0 0 0 0 0 0 0 0 
0 0 0 1 0 0 0 0 0 0 0 0 

0
0 1625
0 1117
0 0 0 0 1 0 0 0 0 0 0 0 
0 0 0 0 0 0 0 0 1 0 0 0 
0 0 0 0 0 0 0 0 0 1 0 0 
0 0 0 0 0 0 0 0 0 0 1 0 
1 0 0 0 0 0 0 0 0 0 0 0 
0 0 0 1 0 1 1 -1 0 0 -1 0 
0 0 0 0 0 0 1 0 0 0 0 0 
0 0 0 0 0 0 2 -1 0 0 0 0 
0 1 0 0 0 0 0 0 0 0 0 0 
0 0 1 0 0 0 0 0 0 0 0 0 
0 0 0 1 0 0 0 0 0 0 0 0 

0
0 1626
0 1357
0 0 0 0 1 0 0 0 0 0 0 0 
0 0 0 0 0 0 0 0 1 0 0 0 
0 0 0 0 0 0 0 0 0 1 0 0 
0 0 0 0 0 0 0 0 0 0 1 0 
1 0 0 0 0 0 0 0 0 0 0 0 
0 0 0 1 0 1 1 -1 0 0 -1 0 
0 0 0 0 0 0 1 0 0 0 0 0 
0 0 0 0 0 0 2 -1 0 0 0 0 
0 1 0 0 0 0 0 0 0 0 0 0 
0 0 1 0 0 0 0 0 0 0 0 0 
0 0 0 1 0 0 0 0 0 0 0 0 

0
0 1627
0 1373
0 0 0 0 1 0 0 0 0 0 0 0 
0 0 0 0 0 0 0 0 1 0 0 0 
0 0 0 0 0 0 0 0 0 1 0 0 
0 0 0 0 0 0 0 0 0 0 1 0 
1 0 0 0 0 0 0 0 0 0 0 0 
0 0 0 1 0 1 1 -1 0 0 -1 0 
0 0 0 0 0 0 1 0 0 0 0 0 
0 0 0 0 0 0 2 -1 0 0 0 0 
0 1 0 0 0 0 0 0 0 0 0 0 
0 0 1 0 0 0 0 0 0 0 0 0 
0 0 0 1 0 0 0 0 0 0 0 0 

0
0 1628
0 1613
0 0 0 0 1 0 0 0 0 0 0 0 
0 0 0 0 0 0 0 0 1 0 0 0 
0 0 0 0 0 0 0 0 0 1 0 0 
0 0 0 0 0 0 0 0 0 0 1 0 
1 0 0 0 0 0 0 0 0 0 0 0 
0 0 0 1 0 1 1 -1 0 0 -1 0 
0 0 0 0 0 0 1 0 0 0 0 0 
0 0 0 0 0 0 2 -1 0 0 0 0 
0 1 0 0 0 0 0 0 0 0 0 0 
0 0 1 0 0 0 0 0 0 0 0 0 
0 0 0 1 0 0 0 0 0 0 0 0 

0
0 1668
0 1164
-1 0 1 0 1 0 0 1 0 -1 0 s34+s45+s12 
0 -1 1 0 0 0 0 1 1 -1 0 s34-s51+s23 
0 0 0 0 0 0 0 1 0 0 0 0 
0 0 1 -1 0 0 0 1 0 -1 1 s34 
-1 0 1 1 0 0 0 0 0 0 0 s45+s12 
0 0 1 0 0 -1 -1 1 0 0 1 s34 
0 0 0 0 0 1 0 0 0 0 0 0 
0 0 0 0 0 0 0 0 0 0 1 0 
0 -1 1 1 0 0 0 0 0 0 0 s23 
0 0 0 1 0 0 0 0 0 0 0 0 
0 0 1 0 0 0 0 0 0 0 0 0 

0
0 1672
0 108
0 0 0 0 1 1 0 0 0 0 -1 s45 
0 0 0 0 0 1 0 0 1 0 -1 -s51+s23 
0 0 0 0 0 1 0 0 0 1 -1 -s34 
0 0 0 0 0 1 0 0 0 0 0 0 
1 0 0 0 0 0 0 0 0 0 0 0 
0 0 0 1 0 1 1 -1 0 0 -1 0 
0 0 0 0 0 0 0 1 0 0 0 0 
0 0 0 0 0 0 1 0 0 0 0 0 
0 1 0 0 0 0 0 0 0 0 0 0 
0 0 1 0 0 0 0 0 0 0 0 0 
0 0 0 1 0 0 0 0 0 0 0 0 

1
0 1676
0 1252
1 0 0 0 0 0 0 0 0 0 0 0 
1 0 0 0 0 0 0 0 0 0 0 0 
0 0 0 0 0 0 0 0 0 0 1 0 
0 0 0 0 0 1 0 0 0 0 0 0 
1 0 0 0 0 0 0 0 0 0 0 0 
1 0 0 0 0 0 0 0 0 0 0 0 
1 0 0 0 0 0 0 0 0 0 0 0 
0 0 1 0 0 0 0 0 0 0 0 0 
1 0 0 0 0 0 0 0 0 0 0 0 
0 0 0 0 0 0 1 0 0 0 0 0 
0 0 0 0 0 0 0 1 0 0 0 0 

0
0 1688
0 109
0 0 0 0 1 1 0 0 0 0 -1 s45 
0 0 0 0 0 1 0 0 1 0 -1 -s51+s23 
0 0 0 0 0 1 0 0 0 1 -1 -s34 
0 0 0 0 0 1 0 0 0 0 0 0 
1 0 0 0 0 0 0 0 0 0 0 0 
0 0 0 1 0 1 1 -1 0 0 -1 0 
0 0 0 0 0 0 0 1 0 0 0 0 
0 0 0 0 0 0 1 0 0 0 0 0 
0 1 0 0 0 0 0 0 0 0 0 0 
0 0 1 0 0 0 0 0 0 0 0 0 
0 0 0 1 0 0 0 0 0 0 0 0 

1
0 1704
0 1636
1 0 0 0 0 0 0 0 0 0 0 0 
1 0 0 0 0 0 0 0 0 0 0 0 
1 0 0 0 0 0 0 0 0 0 0 0 
0 0 1 0 0 0 0 0 0 0 0 0 
1 0 0 0 0 0 0 0 0 0 0 0 
0 0 0 0 0 0 0 0 0 1 0 0 
1 0 0 0 0 0 0 0 0 0 0 0 
0 0 0 0 0 0 1 0 0 0 0 0 
1 0 0 0 0 0 0 0 0 0 0 0 
0 0 0 0 0 1 0 0 0 0 0 0 
0 0 0 0 0 0 0 0 0 0 1 0 

0
0 1732
0 1196
-1 0 1 0 1 0 0 1 0 -1 0 s34+s45+s12 
0 -1 1 0 0 0 0 1 1 -1 0 s34-s51+s23 
0 0 0 0 0 0 0 1 0 0 0 0 
0 0 1 -1 0 0 0 1 0 -1 1 s34 
-1 0 1 1 0 0 0 0 0 0 0 s45+s12 
0 0 1 0 0 -1 -1 1 0 0 1 s34 
0 0 0 0 0 1 0 0 0 0 0 0 
0 0 0 0 0 0 0 0 0 0 1 0 
0 -1 1 1 0 0 0 0 0 0 0 s23 
0 0 0 1 0 0 0 0 0 0 0 0 
0 0 1 0 0 0 0 0 0 0 0 0 

0
0 1736
0 236
0 0 0 0 1 1 0 0 0 0 -1 s45 
0 0 0 0 0 1 0 0 1 0 -1 -s51+s23 
0 0 0 0 0 1 0 0 0 1 -1 -s34 
0 0 0 0 0 1 0 0 0 0 0 0 
1 0 0 0 0 0 0 0 0 0 0 0 
0 0 0 1 0 1 1 -1 0 0 -1 0 
0 0 0 0 0 0 0 1 0 0 0 0 
0 0 0 0 0 0 1 0 0 0 0 0 
0 1 0 0 0 0 0 0 0 0 0 0 
0 0 1 0 0 0 0 0 0 0 0 0 
0 0 0 1 0 0 0 0 0 0 0 0 

1
0 1740
0 1260
1 0 0 0 0 0 0 0 0 0 0 0 
1 0 0 0 0 0 0 0 0 0 0 0 
0 0 0 0 0 0 0 0 0 0 1 0 
0 0 0 0 0 1 0 0 0 0 0 0 
1 0 0 0 0 0 0 0 0 0 0 0 
1 0 0 0 0 0 0 0 0 0 0 0 
0 0 0 1 0 0 0 0 0 0 0 0 
0 0 1 0 0 0 0 0 0 0 0 0 
1 0 0 0 0 0 0 0 0 0 0 0 
0 0 0 0 0 0 1 0 0 0 0 0 
0 0 0 0 0 0 0 1 0 0 0 0 

0
0 1752
0 237
0 0 0 0 1 1 0 0 0 0 -1 s45 
0 0 0 0 0 1 0 0 1 0 -1 -s51+s23 
0 0 0 0 0 1 0 0 0 1 -1 -s34 
0 0 0 0 0 1 0 0 0 0 0 0 
1 0 0 0 0 0 0 0 0 0 0 0 
0 0 0 1 0 1 1 -1 0 0 -1 0 
0 0 0 0 0 0 0 1 0 0 0 0 
0 0 0 0 0 0 1 0 0 0 0 0 
0 1 0 0 0 0 0 0 0 0 0 0 
0 0 1 0 0 0 0 0 0 0 0 0 
0 0 0 1 0 0 0 0 0 0 0 0 

1
0 1764
0 1708
1 0 0 0 0 0 0 0 0 0 0 0 
1 0 0 0 0 0 0 0 0 0 0 0 
0 0 0 0 0 0 0 1 0 0 0 0 
1 0 0 0 0 0 0 0 0 0 0 0 
1 0 0 0 0 0 0 0 0 0 0 0 
0 0 0 0 0 0 0 0 0 1 0 0 
0 0 0 1 0 0 0 0 0 0 0 0 
0 0 1 0 0 0 0 0 0 0 0 0 
1 0 0 0 0 0 0 0 0 0 0 0 
0 0 0 0 0 1 0 0 0 0 0 0 
0 0 0 0 0 0 0 0 0 0 1 0 

1
0 1768
0 1644
1 0 0 0 0 0 0 0 0 0 0 0 
1 0 0 0 0 0 0 0 0 0 0 0 
1 0 0 0 0 0 0 0 0 0 0 0 
0 0 0 0 0 0 1 0 0 0 0 0 
1 0 0 0 0 0 0 0 0 0 0 0 
0 0 0 0 0 0 0 0 0 1 0 0 
0 0 0 1 0 0 0 0 0 0 0 0 
0 0 1 0 0 0 0 0 0 0 0 0 
1 0 0 0 0 0 0 0 0 0 0 0 
0 0 0 0 0 1 0 0 0 0 0 0 
0 0 0 0 0 0 0 0 0 0 1 0 

0
0 1797
0 542
0 0 0 0 1 0 0 0 0 0 0 0 
0 0 0 0 0 0 0 0 1 0 0 0 
0 0 0 0 0 0 0 0 0 1 0 0 
0 0 0 0 0 0 0 0 0 0 1 0 
1 0 0 0 0 0 0 0 0 0 0 0 
0 0 0 1 0 1 1 -1 0 0 -1 0 
0 0 0 0 0 0 1 0 0 0 0 0 
0 0 0 0 0 0 2 -1 0 0 0 0 
0 1 0 0 0 0 0 0 0 0 0 0 
0 0 1 0 0 0 0 0 0 0 0 0 
0 0 0 1 0 0 0 0 0 0 0 0 

0
0 1799
0 798
0 0 0 0 1 0 0 0 0 0 0 0 
0 0 0 0 0 0 0 0 1 0 0 0 
0 0 0 0 0 0 0 0 0 1 0 0 
0 0 0 0 0 0 0 0 0 0 1 0 
1 0 0 0 0 0 0 0 0 0 0 0 
0 0 0 1 0 1 1 -1 0 0 -1 0 
0 0 0 0 0 0 1 0 0 0 0 0 
0 0 0 0 0 0 2 -1 0 0 0 0 
0 1 0 0 0 0 0 0 0 0 0 0 
0 0 1 0 0 0 0 0 0 0 0 0 
0 0 0 1 0 0 0 0 0 0 0 0 

0
0 1801
0 1054
0 0 0 0 1 0 0 0 0 0 0 0 
0 0 0 0 0 0 0 0 1 0 0 0 
0 0 0 0 0 0 0 0 0 1 0 0 
0 0 0 0 0 0 0 0 0 0 1 0 
1 0 0 0 0 0 0 0 0 0 0 0 
0 0 0 1 0 1 1 -1 0 0 -1 0 
0 0 0 0 0 0 1 0 0 0 0 0 
0 0 0 0 0 0 2 -1 0 0 0 0 
0 1 0 0 0 0 0 0 0 0 0 0 
0 0 1 0 0 0 0 0 0 0 0 0 
0 0 0 1 0 0 0 0 0 0 0 0 

0
0 1802
0 1294
0 0 0 0 1 0 0 0 0 0 0 0 
0 0 0 0 0 0 0 0 1 0 0 0 
0 0 0 0 0 0 0 0 0 1 0 0 
0 0 0 0 0 0 0 0 0 0 1 0 
1 0 0 0 0 0 0 0 0 0 0 0 
0 0 0 1 0 1 1 -1 0 0 -1 0 
0 0 0 0 0 0 1 0 0 0 0 0 
0 0 0 0 0 0 2 -1 0 0 0 0 
0 1 0 0 0 0 0 0 0 0 0 0 
0 0 1 0 0 0 0 0 0 0 0 0 
0 0 0 1 0 0 0 0 0 0 0 0 

0
0 1803
0 1310
0 0 0 0 1 0 0 0 0 0 0 0 
0 0 0 0 0 0 0 0 1 0 0 0 
0 0 0 0 0 0 0 0 0 1 0 0 
0 0 0 0 0 0 0 0 0 0 1 0 
1 0 0 0 0 0 0 0 0 0 0 0 
0 0 0 1 0 1 1 -1 0 0 -1 0 
0 0 0 0 0 0 1 0 0 0 0 0 
0 0 0 0 0 0 2 -1 0 0 0 0 
0 1 0 0 0 0 0 0 0 0 0 0 
0 0 1 0 0 0 0 0 0 0 0 0 
0 0 0 1 0 0 0 0 0 0 0 0 

0
0 1805
0 1566
0 0 0 0 1 0 0 0 0 0 0 0 
0 0 0 0 0 0 0 0 1 0 0 0 
0 0 0 0 0 0 0 0 0 1 0 0 
0 0 0 0 0 0 0 0 0 0 1 0 
1 0 0 0 0 0 0 0 0 0 0 0 
0 0 0 1 0 1 1 -1 0 0 -1 0 
0 0 0 0 0 0 1 0 0 0 0 0 
0 0 0 0 0 0 2 -1 0 0 0 0 
0 1 0 0 0 0 0 0 0 0 0 0 
0 0 1 0 0 0 0 0 0 0 0 0 
0 0 0 1 0 0 0 0 0 0 0 0 

0
0 1813
0 543
0 0 0 0 1 0 0 0 0 0 0 0 
0 0 0 0 0 0 0 0 1 0 0 0 
0 0 0 0 0 0 0 0 0 1 0 0 
0 0 0 0 0 0 0 0 0 0 1 0 
1 0 0 0 0 0 0 0 0 0 0 0 
0 0 0 1 0 1 1 -1 0 0 -1 0 
0 0 0 0 0 0 1 0 0 0 0 0 
0 0 0 0 0 0 2 -1 0 0 0 0 
0 1 0 0 0 0 0 0 0 0 0 0 
0 0 1 0 0 0 0 0 0 0 0 0 
0 0 0 1 0 0 0 0 0 0 0 0 

0
0 1815
0 799
0 0 0 0 1 0 0 0 0 0 0 0 
0 0 0 0 0 0 0 0 1 0 0 0 
0 0 0 0 0 0 0 0 0 1 0 0 
0 0 0 0 0 0 0 0 0 0 1 0 
1 0 0 0 0 0 0 0 0 0 0 0 
0 0 0 1 0 1 1 -1 0 0 -1 0 
0 0 0 0 0 0 1 0 0 0 0 0 
0 0 0 0 0 0 2 -1 0 0 0 0 
0 1 0 0 0 0 0 0 0 0 0 0 
0 0 1 0 0 0 0 0 0 0 0 0 
0 0 0 1 0 0 0 0 0 0 0 0 

0
0 1817
0 1055
0 0 0 0 1 0 0 0 0 0 0 0 
0 0 0 0 0 0 0 0 1 0 0 0 
0 0 0 0 0 0 0 0 0 1 0 0 
0 0 0 0 0 0 0 0 0 0 1 0 
1 0 0 0 0 0 0 0 0 0 0 0 
0 0 0 1 0 1 1 -1 0 0 -1 0 
0 0 0 0 0 0 1 0 0 0 0 0 
0 0 0 0 0 0 2 -1 0 0 0 0 
0 1 0 0 0 0 0 0 0 0 0 0 
0 0 1 0 0 0 0 0 0 0 0 0 
0 0 0 1 0 0 0 0 0 0 0 0 

0
0 1818
0 1295
0 0 0 0 1 0 0 0 0 0 0 0 
0 0 0 0 0 0 0 0 1 0 0 0 
0 0 0 0 0 0 0 0 0 1 0 0 
0 0 0 0 0 0 0 0 0 0 1 0 
1 0 0 0 0 0 0 0 0 0 0 0 
0 0 0 1 0 1 1 -1 0 0 -1 0 
0 0 0 0 0 0 1 0 0 0 0 0 
0 0 0 0 0 0 2 -1 0 0 0 0 
0 1 0 0 0 0 0 0 0 0 0 0 
0 0 1 0 0 0 0 0 0 0 0 0 
0 0 0 1 0 0 0 0 0 0 0 0 

0
0 1819
0 1311
0 0 0 0 1 0 0 0 0 0 0 0 
0 0 0 0 0 0 0 0 1 0 0 0 
0 0 0 0 0 0 0 0 0 1 0 0 
0 0 0 0 0 0 0 0 0 0 1 0 
1 0 0 0 0 0 0 0 0 0 0 0 
0 0 0 1 0 1 1 -1 0 0 -1 0 
0 0 0 0 0 0 1 0 0 0 0 0 
0 0 0 0 0 0 2 -1 0 0 0 0 
0 1 0 0 0 0 0 0 0 0 0 0 
0 0 1 0 0 0 0 0 0 0 0 0 
0 0 0 1 0 0 0 0 0 0 0 0 

0
0 1821
0 1567
0 0 0 0 1 0 0 0 0 0 0 0 
0 0 0 0 0 0 0 0 1 0 0 0 
0 0 0 0 0 0 0 0 0 1 0 0 
0 0 0 0 0 0 0 0 0 0 1 0 
1 0 0 0 0 0 0 0 0 0 0 0 
0 0 0 1 0 1 1 -1 0 0 -1 0 
0 0 0 0 0 0 1 0 0 0 0 0 
0 0 0 0 0 0 2 -1 0 0 0 0 
0 1 0 0 0 0 0 0 0 0 0 0 
0 0 1 0 0 0 0 0 0 0 0 0 
0 0 0 1 0 0 0 0 0 0 0 0 

0
0 1822
0 1807
0 0 0 0 1 0 0 0 0 0 0 0 
0 0 0 0 0 0 0 0 1 0 0 0 
0 0 0 0 0 0 0 0 0 1 0 0 
0 0 0 0 0 0 0 0 0 0 1 0 
1 0 0 0 0 0 0 0 0 0 0 0 
0 0 0 1 0 1 1 -1 0 0 -1 0 
0 0 0 0 0 0 1 0 0 0 0 0 
0 0 0 0 0 0 2 -1 0 0 0 0 
0 1 0 0 0 0 0 0 0 0 0 0 
0 0 1 0 0 0 0 0 0 0 0 0 
0 0 0 1 0 0 0 0 0 0 0 0 

0
0 1857
0 94
0 0 0 0 1 0 0 0 0 0 0 0 
0 0 0 0 0 0 0 0 1 0 0 0 
0 0 0 0 0 0 0 0 0 1 0 0 
0 0 0 0 0 0 0 0 0 0 1 0 
1 0 0 0 0 0 0 0 0 0 0 0 
0 0 0 1 0 1 1 -1 0 0 -1 0 
0 0 0 0 0 0 1 0 0 0 0 0 
0 0 0 0 0 0 2 -1 0 0 0 0 
0 1 0 0 0 0 0 0 0 0 0 0 
0 0 1 0 0 0 0 0 0 0 0 0 
0 0 0 1 0 0 0 0 0 0 0 0 

1
0 1858
0 174
1 0 0 0 0 0 0 0 0 0 0 0 
0 0 0 0 0 1 0 0 0 0 0 0 
1 0 0 0 0 0 0 0 0 0 0 0 
1 0 0 0 0 0 0 0 0 0 0 0 
1 0 0 0 0 0 0 0 0 0 0 0 
1 0 0 0 0 0 0 0 0 0 0 0 
0 0 0 0 0 0 0 1 0 0 0 0 
1 0 0 0 0 0 0 0 0 0 0 0 
0 0 0 1 0 0 0 0 0 0 0 0 
0 0 1 0 0 0 0 0 0 0 0 0 
0 1 0 0 0 0 0 0 0 0 0 0 

0
0 1859
0 350
0 0 0 0 1 0 0 0 0 0 0 0 
0 0 0 0 0 0 0 0 1 0 0 0 
0 0 0 0 0 0 0 0 0 1 0 0 
0 0 0 0 0 0 0 0 0 0 1 0 
1 0 0 0 0 0 0 0 0 0 0 0 
0 0 0 1 0 1 1 -1 0 0 -1 0 
0 0 0 0 0 0 1 0 0 0 0 0 
0 0 0 0 0 0 2 -1 0 0 0 0 
0 1 0 0 0 0 0 0 0 0 0 0 
0 0 1 0 0 0 0 0 0 0 0 0 
0 0 0 1 0 0 0 0 0 0 0 0 

0
0 1860
0 590
1 0 -1 0 -1 0 1 0 0 1 0 s12 
0 1 -1 0 0 0 1 0 -1 1 0 0 
0 0 0 0 0 0 1 0 0 0 0 0 
0 0 -1 1 0 0 1 0 0 1 -1 0 
1 0 0 0 0 0 0 0 0 0 0 0 
0 0 0 1 0 1 1 -1 0 0 -1 0 
0 0 0 0 0 0 0 0 0 1 0 0 
0 0 0 0 0 1 0 0 0 1 -1 -s34 
0 1 0 0 0 0 0 0 0 0 0 0 
0 0 1 0 0 0 0 0 0 0 0 0 
0 0 0 1 0 0 0 0 0 0 0 0 

0
0 1861
0 606
0 0 0 0 1 0 0 0 0 0 0 0 
0 0 0 0 0 0 0 0 1 0 0 0 
0 0 0 0 0 0 0 0 0 1 0 0 
0 0 0 0 0 0 0 0 0 0 1 0 
1 0 0 0 0 0 0 0 0 0 0 0 
0 0 0 1 0 1 1 -1 0 0 -1 0 
0 0 0 0 0 0 1 0 0 0 0 0 
0 0 0 0 0 0 2 -1 0 0 0 0 
0 1 0 0 0 0 0 0 0 0 0 0 
0 0 1 0 0 0 0 0 0 0 0 0 
0 0 0 1 0 0 0 0 0 0 0 0 

0
0 1862
0 846
0 0 0 0 1 0 0 0 0 0 0 0 
0 0 0 0 0 0 0 0 1 0 0 0 
0 0 0 0 0 0 0 0 0 1 0 0 
0 0 0 0 0 0 0 0 0 0 1 0 
1 0 0 0 0 0 0 0 0 0 0 0 
0 0 0 1 0 1 1 -1 0 0 -1 0 
0 0 0 0 0 0 1 0 0 0 0 0 
0 0 0 0 0 0 2 -1 0 0 0 0 
0 1 0 0 0 0 0 0 0 0 0 0 
0 0 1 0 0 0 0 0 0 0 0 0 
0 0 0 1 0 0 0 0 0 0 0 0 

0
0 1863
0 862
0 0 0 0 1 0 0 0 0 0 0 0 
0 0 0 0 0 0 0 0 1 0 0 0 
0 0 0 0 0 0 0 0 0 1 0 0 
0 0 0 0 0 0 0 0 0 0 1 0 
1 0 0 0 0 0 0 0 0 0 0 0 
0 0 0 1 0 1 1 -1 0 0 -1 0 
0 0 0 0 0 0 1 0 0 0 0 0 
0 0 0 0 0 0 2 -1 0 0 0 0 
0 1 0 0 0 0 0 0 0 0 0 0 
0 0 1 0 0 0 0 0 0 0 0 0 
0 0 0 1 0 0 0 0 0 0 0 0 

0
0 1864
0 174
0 0 0 0 1 1 0 0 0 0 -1 s45 
0 0 0 0 0 1 0 0 1 0 -1 -s51+s23 
0 0 0 0 0 1 0 0 0 1 -1 -s34 
0 0 0 0 0 1 0 0 0 0 0 0 
1 0 0 0 0 0 0 0 0 0 0 0 
0 0 0 1 0 1 1 -1 0 0 -1 0 
0 0 0 0 0 0 0 1 0 0 0 0 
0 0 0 0 0 0 1 0 0 0 0 0 
0 1 0 0 0 0 0 0 0 0 0 0 
0 0 1 0 0 0 0 0 0 0 0 0 
0 0 0 1 0 0 0 0 0 0 0 0 

0
0 1865
0 1118
0 0 0 0 1 0 0 0 0 0 0 0 
0 0 0 0 0 0 0 0 1 0 0 0 
0 0 0 0 0 0 0 0 0 1 0 0 
0 0 0 0 0 0 0 0 0 0 1 0 
1 0 0 0 0 0 0 0 0 0 0 0 
0 0 0 1 0 1 1 -1 0 0 -1 0 
0 0 0 0 0 0 1 0 0 0 0 0 
0 0 0 0 0 0 2 -1 0 0 0 0 
0 1 0 0 0 0 0 0 0 0 0 0 
0 0 1 0 0 0 0 0 0 0 0 0 
0 0 0 1 0 0 0 0 0 0 0 0 

0
0 1866
0 1358
0 0 0 0 1 0 0 0 0 0 0 0 
0 0 0 0 0 0 0 0 1 0 0 0 
0 0 0 0 0 0 0 0 0 1 0 0 
0 0 0 0 0 0 0 0 0 0 1 0 
1 0 0 0 0 0 0 0 0 0 0 0 
0 0 0 1 0 1 1 -1 0 0 -1 0 
0 0 0 0 0 0 1 0 0 0 0 0 
0 0 0 0 0 0 2 -1 0 0 0 0 
0 1 0 0 0 0 0 0 0 0 0 0 
0 0 1 0 0 0 0 0 0 0 0 0 
0 0 0 1 0 0 0 0 0 0 0 0 

0
0 1867
0 1374
0 0 0 0 1 0 0 0 0 0 0 0 
0 0 0 0 0 0 0 0 1 0 0 0 
0 0 0 0 0 0 0 0 0 1 0 0 
0 0 0 0 0 0 0 0 0 0 1 0 
1 0 0 0 0 0 0 0 0 0 0 0 
0 0 0 1 0 1 1 -1 0 0 -1 0 
0 0 0 0 0 0 1 0 0 0 0 0 
0 0 0 0 0 0 2 -1 0 0 0 0 
0 1 0 0 0 0 0 0 0 0 0 0 
0 0 1 0 0 0 0 0 0 0 0 0 
0 0 0 1 0 0 0 0 0 0 0 0 

1
0 1868
0 846
1 0 0 0 0 0 0 0 0 0 0 0 
1 0 0 0 0 0 0 0 0 0 0 0 
0 0 0 0 0 0 0 0 0 1 0 0 
0 0 0 0 0 0 0 0 1 0 0 0 
1 0 0 0 0 0 0 0 0 0 0 0 
1 0 0 0 0 0 0 0 0 0 0 0 
0 0 0 0 0 0 1 0 0 0 0 0 
1 0 0 0 0 0 0 0 0 0 0 0 
0 0 0 1 0 0 0 0 0 0 0 0 
0 0 1 0 0 0 0 0 0 0 0 0 
0 1 0 0 0 0 0 0 0 0 0 0 

0
0 1869
0 1630
0 0 0 0 1 0 0 0 0 0 0 0 
0 0 0 0 0 0 0 0 1 0 0 0 
0 0 0 0 0 0 0 0 0 1 0 0 
0 0 0 0 0 0 0 0 0 0 1 0 
1 0 0 0 0 0 0 0 0 0 0 0 
0 0 0 1 0 1 1 -1 0 0 -1 0 
0 0 0 0 0 0 1 0 0 0 0 0 
0 0 0 0 0 0 2 -1 0 0 0 0 
0 1 0 0 0 0 0 0 0 0 0 0 
0 0 1 0 0 0 0 0 0 0 0 0 
0 0 0 1 0 0 0 0 0 0 0 0 

0
0 1873
0 95
0 0 0 0 1 0 0 0 0 0 0 0 
0 0 0 0 0 0 0 0 1 0 0 0 
0 0 0 0 0 0 0 0 0 1 0 0 
0 0 0 0 0 0 0 0 0 0 1 0 
1 0 0 0 0 0 0 0 0 0 0 0 
0 0 0 1 0 1 1 -1 0 0 -1 0 
0 0 0 0 0 0 1 0 0 0 0 0 
0 0 0 0 0 0 2 -1 0 0 0 0 
0 1 0 0 0 0 0 0 0 0 0 0 
0 0 1 0 0 0 0 0 0 0 0 0 
0 0 0 1 0 0 0 0 0 0 0 0 

0
0 1874
0 335
1 -1 0 0 -1 0 1 0 1 0 0 0 
0 0 0 0 0 0 1 0 0 0 0 0 
0 -1 1 0 0 0 1 0 1 -1 0 0 
0 -1 0 1 0 0 1 0 1 0 -1 s23 
1 0 0 0 0 0 0 0 0 0 0 0 
0 0 0 1 0 1 1 -1 0 0 -1 0 
0 0 0 0 0 0 0 0 1 0 0 0 
0 0 0 0 0 1 0 0 1 0 -1 -s51+s23 
0 1 0 0 0 0 0 0 0 0 0 0 
0 0 1 0 0 0 0 0 0 0 0 0 
0 0 0 1 0 0 0 0 0 0 0 0 

0
0 1875
0 351
0 0 0 0 1 0 0 0 0 0 0 0 
0 0 0 0 0 0 0 0 1 0 0 0 
0 0 0 0 0 0 0 0 0 1 0 0 
0 0 0 0 0 0 0 0 0 0 1 0 
1 0 0 0 0 0 0 0 0 0 0 0 
0 0 0 1 0 1 1 -1 0 0 -1 0 
0 0 0 0 0 0 1 0 0 0 0 0 
0 0 0 0 0 0 2 -1 0 0 0 0 
0 1 0 0 0 0 0 0 0 0 0 0 
0 0 1 0 0 0 0 0 0 0 0 0 
0 0 0 1 0 0 0 0 0 0 0 0 

0
0 1876
0 591
1 0 -1 0 -1 0 1 0 0 1 0 s12 
0 1 -1 0 0 0 1 0 -1 1 0 0 
0 0 0 0 0 0 1 0 0 0 0 0 
0 0 -1 1 0 0 1 0 0 1 -1 0 
1 0 0 0 0 0 0 0 0 0 0 0 
0 0 0 1 0 1 1 -1 0 0 -1 0 
0 0 0 0 0 0 0 0 0 1 0 0 
0 0 0 0 0 1 0 0 0 1 -1 -s34 
0 1 0 0 0 0 0 0 0 0 0 0 
0 0 1 0 0 0 0 0 0 0 0 0 
0 0 0 1 0 0 0 0 0 0 0 0 

0
0 1877
0 607
0 0 0 0 1 0 0 0 0 0 0 0 
0 0 0 0 0 0 0 0 1 0 0 0 
0 0 0 0 0 0 0 0 0 1 0 0 
0 0 0 0 0 0 0 0 0 0 1 0 
1 0 0 0 0 0 0 0 0 0 0 0 
0 0 0 1 0 1 1 -1 0 0 -1 0 
0 0 0 0 0 0 1 0 0 0 0 0 
0 0 0 0 0 0 2 -1 0 0 0 0 
0 1 0 0 0 0 0 0 0 0 0 0 
0 0 1 0 0 0 0 0 0 0 0 0 
0 0 0 1 0 0 0 0 0 0 0 0 

0
0 1878
0 847
0 0 0 0 1 0 0 0 0 0 0 0 
0 0 0 0 0 0 0 0 1 0 0 0 
0 0 0 0 0 0 0 0 0 1 0 0 
0 0 0 0 0 0 0 0 0 0 1 0 
1 0 0 0 0 0 0 0 0 0 0 0 
0 0 0 1 0 1 1 -1 0 0 -1 0 
0 0 0 0 0 0 1 0 0 0 0 0 
0 0 0 0 0 0 2 -1 0 0 0 0 
0 1 0 0 0 0 0 0 0 0 0 0 
0 0 1 0 0 0 0 0 0 0 0 0 
0 0 0 1 0 0 0 0 0 0 0 0 

0
0 1879
0 863
0 0 0 0 1 0 0 0 0 0 0 0 
0 0 0 0 0 0 0 0 1 0 0 0 
0 0 0 0 0 0 0 0 0 1 0 0 
0 0 0 0 0 0 0 0 0 0 1 0 
1 0 0 0 0 0 0 0 0 0 0 0 
0 0 0 1 0 1 1 -1 0 0 -1 0 
0 0 0 0 0 0 1 0 0 0 0 0 
0 0 0 0 0 0 2 -1 0 0 0 0 
0 1 0 0 0 0 0 0 0 0 0 0 
0 0 1 0 0 0 0 0 0 0 0 0 
0 0 0 1 0 0 0 0 0 0 0 0 

0
0 1880
0 175
0 0 0 0 1 1 0 0 0 0 -1 s45 
0 0 0 0 0 1 0 0 1 0 -1 -s51+s23 
0 0 0 0 0 1 0 0 0 1 -1 -s34 
0 0 0 0 0 1 0 0 0 0 0 0 
1 0 0 0 0 0 0 0 0 0 0 0 
0 0 0 1 0 1 1 -1 0 0 -1 0 
0 0 0 0 0 0 0 1 0 0 0 0 
0 0 0 0 0 0 1 0 0 0 0 0 
0 1 0 0 0 0 0 0 0 0 0 0 
0 0 1 0 0 0 0 0 0 0 0 0 
0 0 0 1 0 0 0 0 0 0 0 0 

0
0 1881
0 1119
0 0 0 0 1 0 0 0 0 0 0 0 
0 0 0 0 0 0 0 0 1 0 0 0 
0 0 0 0 0 0 0 0 0 1 0 0 
0 0 0 0 0 0 0 0 0 0 1 0 
1 0 0 0 0 0 0 0 0 0 0 0 
0 0 0 1 0 1 1 -1 0 0 -1 0 
0 0 0 0 0 0 1 0 0 0 0 0 
0 0 0 0 0 0 2 -1 0 0 0 0 
0 1 0 0 0 0 0 0 0 0 0 0 
0 0 1 0 0 0 0 0 0 0 0 0 
0 0 0 1 0 0 0 0 0 0 0 0 

0
0 1882
0 1359
0 0 0 0 1 0 0 0 0 0 0 0 
0 0 0 0 0 0 0 0 1 0 0 0 
0 0 0 0 0 0 0 0 0 1 0 0 
0 0 0 0 0 0 0 0 0 0 1 0 
1 0 0 0 0 0 0 0 0 0 0 0 
0 0 0 1 0 1 1 -1 0 0 -1 0 
0 0 0 0 0 0 1 0 0 0 0 0 
0 0 0 0 0 0 2 -1 0 0 0 0 
0 1 0 0 0 0 0 0 0 0 0 0 
0 0 1 0 0 0 0 0 0 0 0 0 
0 0 0 1 0 0 0 0 0 0 0 0 

0
0 1883
0 1375
0 0 0 0 1 0 0 0 0 0 0 0 
0 0 0 0 0 0 0 0 1 0 0 0 
0 0 0 0 0 0 0 0 0 1 0 0 
0 0 0 0 0 0 0 0 0 0 1 0 
1 0 0 0 0 0 0 0 0 0 0 0 
0 0 0 1 0 1 1 -1 0 0 -1 0 
0 0 0 0 0 0 1 0 0 0 0 0 
0 0 0 0 0 0 2 -1 0 0 0 0 
0 1 0 0 0 0 0 0 0 0 0 0 
0 0 1 0 0 0 0 0 0 0 0 0 
0 0 0 1 0 0 0 0 0 0 0 0 

0
0 1884
0 1615
0 0 0 0 1 0 0 0 0 0 0 0 
0 0 0 0 0 0 0 0 1 0 0 0 
0 0 0 0 0 0 0 0 0 1 0 0 
0 0 0 0 0 0 0 0 0 0 1 0 
1 0 0 0 0 0 0 0 0 0 0 0 
0 0 0 1 0 1 1 -1 0 0 -1 0 
0 0 0 0 0 0 1 0 0 0 0 0 
0 0 0 0 0 0 2 -1 0 0 0 0 
0 1 0 0 0 0 0 0 0 0 0 0 
0 0 1 0 0 0 0 0 0 0 0 0 
0 0 0 1 0 0 0 0 0 0 0 0 

0
0 1885
0 1631
0 0 0 0 1 0 0 0 0 0 0 0 
0 0 0 0 0 0 0 0 1 0 0 0 
0 0 0 0 0 0 0 0 0 1 0 0 
0 0 0 0 0 0 0 0 0 0 1 0 
1 0 0 0 0 0 0 0 0 0 0 0 
0 0 0 1 0 1 1 -1 0 0 -1 0 
0 0 0 0 0 0 1 0 0 0 0 0 
0 0 0 0 0 0 2 -1 0 0 0 0 
0 1 0 0 0 0 0 0 0 0 0 0 
0 0 1 0 0 0 0 0 0 0 0 0 
0 0 0 1 0 0 0 0 0 0 0 0 

0
0 1886
0 1871
0 0 0 0 1 0 0 0 0 0 0 0 
0 0 0 0 0 0 0 0 1 0 0 0 
0 0 0 0 0 0 0 0 0 1 0 0 
0 0 0 0 0 0 0 0 0 0 1 0 
1 0 0 0 0 0 0 0 0 0 0 0 
0 0 0 1 0 1 1 -1 0 0 -1 0 
0 0 0 0 0 0 1 0 0 0 0 0 
0 0 0 0 0 0 2 -1 0 0 0 0 
0 1 0 0 0 0 0 0 0 0 0 0 
0 0 1 0 0 0 0 0 0 0 0 0 
0 0 0 1 0 0 0 0 0 0 0 0 

0
0 1928
0 110
0 0 0 0 1 1 0 0 0 0 -1 s45 
0 0 0 0 0 1 0 0 1 0 -1 -s51+s23 
0 0 0 0 0 1 0 0 0 1 -1 -s34 
0 0 0 0 0 1 0 0 0 0 0 0 
1 0 0 0 0 0 0 0 0 0 0 0 
0 0 0 1 0 1 1 -1 0 0 -1 0 
0 0 0 0 0 0 0 1 0 0 0 0 
0 0 0 0 0 0 1 0 0 0 0 0 
0 1 0 0 0 0 0 0 0 0 0 0 
0 0 1 0 0 0 0 0 0 0 0 0 
0 0 0 1 0 0 0 0 0 0 0 0 

0
0 1944
0 111
0 0 0 0 1 1 0 0 0 0 -1 s45 
0 0 0 0 0 1 0 0 1 0 -1 -s51+s23 
0 0 0 0 0 1 0 0 0 1 -1 -s34 
0 0 0 0 0 1 0 0 0 0 0 0 
1 0 0 0 0 0 0 0 0 0 0 0 
0 0 0 1 0 1 1 -1 0 0 -1 0 
0 0 0 0 0 0 0 1 0 0 0 0 
0 0 0 0 0 0 1 0 0 0 0 0 
0 1 0 0 0 0 0 0 0 0 0 0 
0 0 1 0 0 0 0 0 0 0 0 0 
0 0 0 1 0 0 0 0 0 0 0 0 

0
0 1992
0 238
0 0 0 0 1 1 0 0 0 0 -1 s45 
0 0 0 0 0 1 0 0 1 0 -1 -s51+s23 
0 0 0 0 0 1 0 0 0 1 -1 -s34 
0 0 0 0 0 1 0 0 0 0 0 0 
1 0 0 0 0 0 0 0 0 0 0 0 
0 0 0 1 0 1 1 -1 0 0 -1 0 
0 0 0 0 0 0 0 1 0 0 0 0 
0 0 0 0 0 0 1 0 0 0 0 0 
0 1 0 0 0 0 0 0 0 0 0 0 
0 0 1 0 0 0 0 0 0 0 0 0 
0 0 0 1 0 0 0 0 0 0 0 0 

0
0 2008
0 239
0 0 0 0 1 1 0 0 0 0 -1 s45 
0 0 0 0 0 1 0 0 1 0 -1 -s51+s23 
0 0 0 0 0 1 0 0 0 1 -1 -s34 
0 0 0 0 0 1 0 0 0 0 0 0 
1 0 0 0 0 0 0 0 0 0 0 0 
0 0 0 1 0 1 1 -1 0 0 -1 0 
0 0 0 0 0 0 0 1 0 0 0 0 
0 0 0 0 0 0 1 0 0 0 0 0 
0 1 0 0 0 0 0 0 0 0 0 0 
0 0 1 0 0 0 0 0 0 0 0 0 
0 0 0 1 0 0 0 0 0 0 0 0 

