31 17740865563396882689 1 5
2 4 1 0 3 

24 4600215528492397772 1 2
4 3 

20 4884831434553762370 2 2
2 4 
4 2 

10 6987267383601314305 1 2
1 3 

9 4808264583626365672 1 2
0 3 

12 4600215528492397772 1 2
2 3 

6 16006193165443392188 2 2
1 2 
2 1 

5 8890356261287880408 2 2
0 2 
2 0 

2 10677744480383251230 1 1
1 

3 16006193165443392188 2 2
0 1 
1 0 

16 10677744480383251230 1 1
4 

1 10677744480383251230 1 1
0 

30 1151456012966826473 1 4
2 4 1 3 

17 13937163250461345225 2 2
0 4 
4 0 

4 10677744480383251230 1 1
2 

18 12135742547030299707 2 2
1 4 
4 1 

7 18439233457295426843 2 3
1 0 2 
1 2 0 

13 15282373033681307554 1 3
2 0 3 

22 2532061382622881799 1 3
2 1 4 

26 4727399254315314461 1 3
4 1 3 

19 13913861341403471924 1 3
0 1 4 

28 7996099417425823692 2 3
2 4 3 
4 2 3 

14 1914747341374791833 1 3
2 1 3 

21 1932952068377734037 1 3
4 2 0 

11 966227651458948372 1 3
0 1 3 

25 5690545338600766482 1 3
4 0 3 

27 12897847763933422189 1 4
4 0 1 3 

29 15643411389395281679 1 4
4 2 0 3 

15 9620075573495778083 1 4
2 1 0 3 

23 2164952214350386379 1 4
1 2 0 4 

